13-5-2026	09:28
Amplitude: 2,00 V
Freq  (Hz) 	 Gain (dB)  	 Phase (deg)
3000,000            -16,620            -19,127
3004,609            -16,641            -18,903
3009,224            -16,642            -18,878
3013,847            -16,660            -18,672
3018,477            -16,679            -18,474
3023,114            -16,697            -18,287
3027,759            -16,717            -18,097
3032,410            -16,728            -17,939
3037,069            -16,728            -17,934
3041,734            -16,745            -17,740
3046,407            -16,763            -17,542
3051,087            -16,780            -17,343
3055,774            -16,797            -17,141
3060,469            -16,797            -17,134
3065,170            -16,814            -16,937
3069,879            -16,831            -16,733
3074,595            -16,792            -14,773
3079,318            -16,860            -16,359
3084,049            -16,860            -16,357
3088,787            -16,876            -16,145
3093,532            -16,892            -15,946
3098,284            -16,908            -15,736
3103,044            -16,908            -15,728
3107,811            -16,924            -15,520
3112,585            -16,940            -15,314
3117,367            -16,955            -15,093
3122,156            -16,979            -14,474
3126,952            -16,970            -16,039
3131,756            -16,984            -14,688
3136,567            -16,999            -14,465
3141,386            -17,014            -14,258
3146,212            -17,014            -14,252
3151,045            -17,029            -14,007
3155,886            -17,043            -13,819
3160,734            -17,058            -13,625
3165,589            -17,072            -13,386
3170,453            -17,072            -13,382
3175,323            -17,086            -14,214
3180,201            -17,100            -12,923
3185,087            -17,114            -12,699
3189,980            -17,114            -12,700
3194,880            -17,127            -12,479
3199,788            -17,140            -12,455
3204,704            -17,154            -12,032
3209,627            -17,154            -12,027
3214,558            -17,167            -11,757
3219,496            -17,179            -11,572
3224,442            -17,167            -10,048
3229,396            -17,194            -11,310
3234,357            -17,207            -11,076
3239,325            -17,219            -10,854
3244,302            -17,231            -10,626
3249,286            -17,231            -10,621
3254,278            -17,243            -10,393
3259,277            -17,254            -10,161
3264,284            -17,266             -9,932
3269,299            -17,277             -9,694
3274,321            -17,277             -9,694
3279,351            -17,292             -9,385
3284,389            -17,303             -9,158
3289,435            -17,303             -9,150
3294,488            -17,313             -8,919
3299,549            -17,323             -8,671
3304,618            -17,334             -8,450
3309,695            -17,334             -8,448
3314,779            -17,344             -8,209
3319,871            -17,354             -7,977
3324,971            -17,364             -7,741
3330,079            -17,477            -10,871
3335,195            -17,378             -7,388
3340,319            -17,387             -7,152
3345,450            -17,387             -7,144
3350,590            -17,396             -6,909
3355,737            -17,405             -6,666
3360,892            -17,413             -6,427
3366,055            -17,413             -6,427
3371,226            -17,421             -6,182
3376,405            -17,430             -5,941
3381,592            -17,438             -5,701
3386,787            -17,509             -6,929
3391,990            -17,450             -5,304
3397,201            -17,450             -5,298
3402,420            -17,457             -5,059
3407,647            -17,465             -4,814
3412,882            -17,471             -4,573
3418,125            -17,478             -4,326
3423,376            -17,478             -4,324
3428,635            -17,485             -4,078
3433,902            -17,491             -3,836
3439,177            -17,497             -3,587
3444,461            -17,497             -3,585
3449,752            -17,502             -3,387
3455,052            -17,508             -3,148
3460,360            -17,513             -2,908
3465,676            -17,518             -2,657
3471,000            -17,524             -2,413
3476,332            -17,524             -2,398
3481,673            -17,528             -2,159
3487,021            -17,533             -1,909
3492,378            -17,538             -1,666
3497,743            -17,538             -1,655
3503,117            -17,542             -1,409
3508,498            -17,569             -1,848
3513,888            -17,549             -0,924
3519,286            -17,553             -0,679
3524,693            -17,553             -0,677
3530,107            -17,556             -0,431
3535,530            -17,559             -0,180
3540,962            -17,562              0,072
3546,402            -17,562              0,077
3551,850            -17,565              0,371
3557,306            -17,567              0,576
3562,771            -17,570              0,828
3568,244            -17,430              3,892
3573,726            -17,570              1,053
3579,216            -17,573              1,358
3584,715            -17,575              1,604
3590,222            -17,576              1,856
3595,737            -17,576              1,860
3601,261            -17,577              2,109
3606,793            -17,578              2,353
3612,334            -17,578              2,614
3617,884            -17,578              2,621
3623,442            -17,578              2,863
3629,008            -17,578              3,117
3634,583            -17,454              6,896
3640,167            -17,578              3,448
3645,759            -17,578              3,692
3651,359            -17,577              3,943
3656,969            -17,576              4,191
3662,587            -17,576              4,197
3668,213            -17,575              4,445
3673,849            -17,574              4,690
3679,492            -17,572              4,947
3685,145            -17,572              4,950
3690,806            -17,570              5,205
3696,476            -17,568              5,455
3702,155            -17,462              9,253
3707,842            -17,565              5,823
3713,538            -17,562              6,068
3719,243            -17,560              6,320
3724,957            -17,560              6,318
3730,679            -17,556              6,570
3736,411            -17,553              6,821
3742,151            -17,550              7,074
3747,899            -17,546              7,322
3753,657            -17,546              7,324
3759,424            -17,542              7,578
3765,199            -17,538              7,825
3770,983            -17,467              9,697
3776,776            -17,530              8,230
3782,578            -17,525              8,481
3788,389            -17,526              8,483
3794,209            -17,520              8,729
3800,038            -17,515              8,976
3805,876            -17,510              9,219
3811,722            -17,510              9,230
3817,578            -17,504              9,473
3823,443            -17,498              9,719
3829,316            -17,492              9,971
3835,199            -17,486             10,220
3841,091            -17,485             10,227
3846,992            -17,480             10,430
3852,902            -17,474             10,672
3858,821            -17,467             10,907
3864,749            -17,459             11,148
3870,686            -17,459             11,148
3876,632            -17,452             11,398
3882,588            -17,445             11,632
3888,552            -17,437             11,880
3894,526            -17,429             12,124
3900,509            -17,429             12,129
3906,501            -17,421             12,374
3912,502            -17,412             12,616
3918,513            -17,256             14,897
3924,532            -17,417             14,230
3930,561            -17,395             13,101
3936,600            -17,379             13,475
3942,647            -17,377             13,574
3948,704            -17,368             13,827
3954,770            -17,366             13,846
3960,846            -17,374             13,995
3966,930            -17,333             14,559
3973,025            -17,338             14,533
3979,128            -17,338             14,534
3985,241            -17,325             14,765
3991,363            -17,317             15,011
3997,495            -17,188             17,556
4003,636            -17,305             15,308
4009,787            -17,294             15,534
4015,947            -17,283             15,763
4022,116            -17,272             15,994
4028,295            -17,272             16,001
4034,483            -17,261             16,234
4040,681            -17,249             16,458
4046,889            -17,238             16,693
4053,106            -17,238             16,697
4059,332            -17,226             16,928
4065,568            -17,214             17,159
4071,814            -17,201             17,392
4078,069            -17,174             18,252
4084,334            -17,183             17,716
4090,609            -17,171             17,943
4096,893            -17,171             17,947
4103,186            -17,158             18,171
4109,490            -17,145             18,392
4115,803            -17,131             18,621
4122,126            -17,118             18,845
4128,458            -17,118             18,846
4134,801            -17,104             19,074
4141,153            -17,090             19,298
4147,515            -17,075             19,527
4153,886            -17,075             19,528
4160,267            -17,061             19,755
4166,659            -17,009             20,757
4173,060            -17,038             20,123
4179,470            -17,024             20,334
4185,891            -17,009             20,565
4192,322            -17,009             20,536
4198,762            -16,994             20,774
4205,212            -16,975             21,048
4211,672            -16,960             21,261
4218,143            -16,945             21,473
4224,623            -16,945             21,477
4231,113            -16,929             21,689
4237,613            -16,914             21,897
4244,123            -16,898             22,102
4250,643            -16,898             22,110
4257,173            -16,885             22,287
4263,713            -16,869             22,490
4270,263            -16,852             22,693
4276,823            -16,836             22,893
4283,393            -16,836             22,896
4289,973            -16,820             23,100
4296,564            -16,804             23,301
4303,164            -16,788             23,501
4309,775            -16,771             23,702
4316,396            -16,771             23,706
4323,027            -16,755             23,905
4329,668            -16,738             24,103
4336,319            -16,721             24,300
4342,981            -16,721             24,303
4349,653            -16,702             24,453
4356,335            -16,685             24,710
4363,027            -16,668             24,900
4369,730            -16,668             24,904
4376,443            -16,651             25,098
4383,166            -16,633             25,290
4389,900            -16,616             25,479
4396,644            -16,598             25,667
4403,398            -16,598             25,673
4410,162            -16,580             25,864
4416,938            -16,563             26,049
4423,723            -16,544             26,236
4430,519            -16,545             26,245
4437,325            -16,526             26,431
4444,142            -16,503             26,639
4450,969            -16,502             26,686
4457,807            -16,483             26,865
4464,655            -16,465             27,048
4471,514            -16,447             27,227
4478,383            -16,428             27,407
4485,263            -16,428             27,411
4492,154            -16,410             27,591
4499,055            -16,391             27,771
