19-5-2026	12:50
Amplitude: 2,00 V
Freq  (Hz) 	 Gain (dB)  	 Phase (deg)
2000,000             -4,298            -27,169
2003,072             -4,305            -25,151
2006,150             -4,305            -25,149
2009,232             -4,313            -25,163
2012,318             -4,322            -25,172
2015,410             -4,330            -25,179
2018,506             -4,337            -24,951
2021,607             -4,339            -25,185
2024,712             -4,348            -25,210
2027,823             -4,356            -25,218
2030,938             -4,364            -25,231
2034,058             -4,364            -25,229
2037,183             -4,373            -25,243
2040,312             -4,409            -26,711
2043,447             -4,383            -25,260
2046,586             -4,391            -25,263
2049,730             -4,399            -25,275
2052,879             -4,407            -25,286
2056,033             -4,416            -25,296
2059,191             -4,416            -25,294
2062,355             -4,426            -25,309
2065,523             -4,434            -25,319
2068,696             -4,434            -25,318
2071,874             -4,443            -25,346
2075,057             -4,451            -25,334
2078,245             -4,460            -25,341
2081,437             -4,474            -25,067
2084,635             -4,471            -25,352
2087,837             -4,479            -25,364
2091,045             -4,487            -25,380
2094,257             -4,487            -25,378
2097,474             -4,496            -25,381
2100,697             -4,504            -25,392
2103,924             -4,534            -25,764
2107,156             -4,516            -25,407
2110,393             -4,524            -25,432
2113,635             -4,533            -25,423
2116,882             -4,533            -25,421
2120,134             -4,541            -25,429
2123,391             -4,550            -25,440
2126,653             -4,593            -26,597
2129,920             -4,561            -25,452
2133,192             -4,570            -25,460
2136,469             -4,579            -25,469
2139,751             -4,579            -25,462
2143,039             -4,587            -25,476
2146,331             -4,596            -25,482
2149,628             -4,586            -25,052
2152,930             -4,608            -25,496
2156,238             -4,617            -25,505
2159,550             -4,625            -25,512
2162,868             -4,625            -25,510
2166,191             -4,634            -25,519
2169,518             -4,642            -25,528
2172,851             -4,661            -25,483
2176,189             -4,656            -25,538
2179,532             -4,664            -25,549
2182,881             -4,673            -25,553
2186,234             -4,673            -25,553
2189,593             -4,682            -25,559
2192,956             -4,690            -25,566
2196,325             -4,720            -25,776
2199,699             -4,704            -25,575
2203,079             -4,713            -25,586
2206,463             -4,713            -25,583
2209,853             -4,722            -25,588
2213,248             -4,730            -25,596
2216,648             -4,739            -25,602
2220,053             -4,763            -26,090
2223,463             -4,754            -25,616
2226,879             -4,753            -25,611
2230,300             -4,762            -25,617
2233,726             -4,771            -25,624
2237,158             -4,780            -25,631
2240,595             -4,789            -25,638
2244,037             -4,789            -25,634
2247,484             -4,795            -25,640
2250,937             -4,804            -25,645
2254,395             -4,812            -25,653
2257,858             -4,821            -25,660
2261,327             -4,821            -25,655
2264,801             -4,830            -25,660
2268,280             -4,839            -25,667
2271,765             -4,797            -24,436
2275,255             -4,855            -25,674
2278,750             -4,864            -25,681
2282,251             -4,864            -25,678
2285,757             -4,873            -25,686
2289,268             -4,882            -25,688
2292,785             -4,891            -25,693
2296,307             -4,890            -25,693
2299,835             -4,898            -25,695
2303,368             -4,906            -25,704
2306,907             -4,915            -25,707
2310,450             -4,924            -25,708
2314,000             -4,924            -25,706
2317,555             -4,933            -25,709
2321,115             -4,942            -25,718
2324,681             -4,966            -26,179
2328,252             -4,959            -25,722
2331,829             -4,959            -25,719
2335,411             -4,968            -25,725
2338,999             -4,977            -25,729
2342,592             -4,986            -25,732
2346,191             -4,995            -25,735
2349,795             -4,995            -25,734
2353,405             -5,007            -25,278
2357,020             -5,013            -25,737
2360,641             -5,022            -25,741
2364,268             -5,022            -25,733
2367,900             -5,029            -25,650
2371,537             -5,039            -25,536
2375,181             -5,049            -25,753
2378,830             -5,048            -25,653
2382,484             -5,086            -28,101
2386,144             -5,067            -25,746
2389,810             -5,076            -25,663
2393,481             -5,084            -25,607
2397,158             -5,091            -25,724
2400,841             -5,093            -25,777
2404,529             -5,103            -25,768
2408,223             -5,102            -25,979
2411,922             -5,114            -25,786
2415,628             -5,123            -25,754
2419,339             -5,132            -25,758
2423,055             -5,141            -25,759
2426,778             -5,141            -25,760
2430,506             -5,150            -25,748
2434,240             -5,160            -25,757
2437,979             -5,182            -25,950
2441,725             -5,170            -25,746
2445,476             -5,179            -25,757
2449,232             -5,189            -25,755
2452,995             -5,198            -25,759
2456,763             -5,198            -25,755
2460,538             -5,207            -25,754
2464,318             -5,216            -25,752
2468,103             -5,232            -26,442
2471,895             -5,228            -25,753
2475,692             -5,237            -25,760
2479,496             -5,246            -25,756
2483,305             -5,255            -25,754
2487,120             -5,255            -25,751
2490,940             -5,265            -25,749
2494,767             -5,274            -25,748
2498,600             -5,322            -27,463
2502,438             -5,286            -25,748
2506,282             -5,295            -25,743
2510,133             -5,305            -25,743
2513,989             -5,305            -25,739
2517,851             -5,314            -25,738
2521,719             -5,323            -25,736
2525,593             -5,333            -25,738
2529,473             -5,336            -25,866
2533,359             -5,346            -25,734
2537,250             -5,355            -25,732
2541,148             -5,355            -25,730
2545,052             -5,364            -25,727
2548,962             -5,374            -25,722
2552,878             -5,383            -25,727
2556,799             -5,392            -25,719
2560,727             -5,392            -25,716
2564,661             -5,407            -25,716
2568,601             -5,406            -25,709
2572,547             -5,416            -25,710
2576,499             -5,425            -25,706
2580,457             -5,434            -25,708
2584,421             -5,434            -25,699
2588,392             -5,444            -25,693
2592,368             -5,453            -25,694
2596,351             -5,439            -25,208
2600,339             -5,468            -25,685
2604,334             -5,477            -25,683
2608,335             -5,487            -25,680
2612,342             -5,487            -25,675
2616,355             -5,496            -25,671
2620,374             -5,506            -25,668
2624,400             -5,515            -25,663
2628,431             -5,515            -25,659
2632,469             -5,531            -25,654
2636,513             -5,531            -25,654
2640,564             -5,541            -25,640
2644,620             -5,549            -25,647
2648,683             -5,559            -25,643
2652,752             -5,559            -25,637
2656,827             -5,569            -25,623
2660,909             -5,578            -25,627
2664,997             -5,595            -26,355
2669,091             -5,594            -25,608
2673,191             -5,594            -25,608
2677,298             -5,604            -25,603
2681,411             -5,613            -25,600
2685,530             -5,622            -25,591
2689,656             -5,632            -25,584
2693,787             -5,632            -25,584
2697,926             -5,642            -25,574
2702,070             -5,696            -27,261
2706,221             -5,659            -25,564
2710,379             -5,669            -25,555
2714,543             -5,669            -25,555
2718,713             -5,678            -25,546
2722,889             -5,688            -25,539
2727,072             -5,697            -25,533
2731,262             -5,697            -25,531
2735,458             -5,707            -25,524
2739,660             -5,726            -25,447
2743,869             -5,725            -25,510
2748,084             -5,735            -25,501
2752,306             -5,735            -25,493
2756,534             -5,744            -25,490
2760,769             -5,754            -25,481
2765,010             -5,763            -25,473
2769,257             -5,763            -25,469
2773,512             -5,773            -25,465
2777,772             -5,740            -23,617
2782,040             -5,792            -25,445
2786,314             -5,802            -25,437
2790,594             -5,802            -25,432
2794,881             -5,811            -25,422
2799,175             -5,821            -25,414
2803,475             -5,830            -25,405
2807,782             -5,830            -25,402
2812,095             -5,840            -25,402
2816,415             -5,826            -24,673
2820,742             -5,861            -25,370
2825,075             -5,861            -25,366
2829,415             -5,870            -25,358
2833,762             -5,880            -25,347
2838,115             -5,889            -25,337
2842,475             -5,889            -25,333
2846,842             -5,899            -25,325
2851,215             -5,908            -25,312
2855,595             -5,880            -23,373
2859,982             -5,920            -25,297
2864,376             -5,930            -25,285
2868,776             -5,939            -25,276
2873,183             -5,949            -25,262
2877,597             -5,949            -25,259
2882,018             -5,959            -25,247
2886,445             -5,968            -25,237
2890,880             -5,978            -25,228
2895,321             -5,978            -25,221
2899,769             -5,991            -25,207
2904,223             -6,000            -25,195
2908,685             -6,000            -25,192
2913,153             -6,010            -25,180
2917,629             -6,019            -25,165
2922,111             -6,029            -25,153
2926,600             -6,039            -25,140
2931,096             -6,039            -25,138
2935,599             -6,048            -25,125
2940,108             -6,053            -23,747
2944,625             -6,062            -25,102
2949,149             -6,072            -25,087
2953,679             -6,081            -25,066
2958,217             -6,082            -25,052
2962,761             -6,091            -25,059
2967,313             -6,100            -25,046
2971,871             -6,110            -25,030
2976,437             -6,120            -25,015
2981,009             -6,119            -25,010
2985,589             -6,135            -24,993
2990,175             -6,135            -24,985
2994,769             -6,144            -24,972
2999,370             -6,154            -24,958
3003,977             -6,163            -24,943
3008,592             -6,163            -24,939
3013,214             -6,173            -24,927
3017,843             -6,182            -24,910
3022,479             -6,192            -24,892
3027,122             -6,192            -24,887
3031,773             -6,208            -24,865
3036,430             -6,208            -24,862
3041,095             -6,218            -24,846
3045,767             -6,227            -24,829
3050,446             -6,237            -24,815
3055,132             -6,237            -24,809
3059,826             -6,247            -24,793
3064,526             -6,256            -24,777
3069,234             -6,266            -24,762
3073,949             -6,275            -24,729
3078,671             -6,274            -24,740
3083,401             -6,283            -24,724
3088,138             -6,293            -24,707
3092,882             -6,302            -24,687
3097,633             -6,312            -24,675
3102,392             -6,312            -24,670
3107,158             -6,321            -24,651
3111,931             -6,331            -24,635
3116,712             -6,340            -24,613
3121,500             -6,340            -24,612
3126,295             -6,349            -23,451
3131,098             -6,359            -24,575
3135,908             -6,368            -24,558
3140,726             -6,378            -24,538
3145,551             -6,378            -24,534
3150,383             -6,388            -24,673
3155,223             -6,397            -24,496
3160,070             -6,406            -24,462
3164,924             -6,406            -24,439
3169,786             -6,416            -24,453
3174,656             -6,426            -24,934
3179,533             -6,435            -24,414
3184,417             -6,445            -24,397
3189,309             -6,445            -24,392
3194,209             -6,454            -24,371
3199,116             -6,464            -24,281
3204,031             -6,473            -24,330
3208,953             -6,473            -24,324
3213,883             -6,483            -24,326
3218,820             -6,492            -24,283
3223,765             -6,526            -25,953
3228,717             -6,504            -24,259
3233,677             -6,513            -24,234
3238,645             -6,523            -24,214
3243,620             -6,532            -24,192
3248,603             -6,532            -24,186
3253,594             -6,542            -24,165
3258,592             -6,551            -24,142
3263,598             -6,561            -24,122
3268,612             -6,561            -24,116
3273,633             -6,570            -24,096
3278,662             -6,564            -23,325
3283,699             -6,583            -24,063
3288,743             -6,592            -24,043
3293,796             -6,601            -24,018
3298,856             -6,611            -24,019
3303,924             -6,621            -23,973
3308,999             -6,620            -23,965
3314,083             -6,630            -23,942
3319,174             -6,639            -23,920
3324,273             -6,649            -23,899
3329,380             -6,649            -23,890
3334,494             -6,663            -23,859
3339,617             -6,663            -23,854
3344,747             -6,672            -23,831
3349,886             -6,681            -23,807
3355,032             -6,691            -23,782
3360,186             -6,700            -23,756
3365,348             -6,700            -23,752
3370,518             -6,709            -23,730
3375,696             -6,719            -23,703
3380,882             -6,728            -23,680
3386,076             -6,728            -23,673
3391,278             -6,743            -23,637
3396,487             -6,743            -23,631
3401,705             -6,753            -23,606
3406,931             -6,762            -23,580
3412,165             -6,771            -23,556
3417,407             -6,771            -23,551
3422,657             -6,781            -23,525
3427,915             -6,790            -23,500
3433,181             -6,799            -23,472
3438,455             -6,808            -23,447
3443,737             -6,809            -23,441
3449,028             -6,816            -23,428
3454,326             -6,825            -23,392
3459,633             -6,834            -23,365
3464,948             -6,843            -23,339
3470,271             -6,843            -23,334
3475,602             -6,853            -23,307
3480,941             -6,862            -23,280
3486,289             -6,871            -23,251
3491,644             -6,880            -23,223
3497,008             -6,881            -23,219
3502,381             -6,890            -23,191
3507,761             -6,899            -23,233
3513,150             -6,908            -23,140
3518,547             -6,907            -23,133
3523,952             -6,917            -23,104
3529,366             -6,926            -23,077
3534,788             -6,935            -23,048
3540,218             -6,944            -23,018
3545,657             -6,944            -23,014
3551,103             -6,953            -22,937
3556,559             -6,962            -22,954
3562,023             -6,972            -22,928
3567,495             -6,972            -22,921
3572,975             -6,980            -23,012
3578,464             -6,991            -22,859
3583,961             -7,000            -22,827
3589,467             -7,000            -22,825
3594,982             -7,009            -22,794
3600,504             -7,018            -22,763
3606,035             -7,027            -22,734
3611,575             -7,036            -22,709
3617,123             -7,036            -22,687
3622,680             -7,045            -22,669
3628,245             -7,054            -22,636
3633,819             -7,053            -22,825
3639,402             -7,066            -22,592
3644,993             -7,075            -22,560
3650,592             -7,084            -22,530
3656,200             -7,093            -22,499
3661,817             -7,092            -22,494
3667,443             -7,102            -22,460
3673,077             -7,111            -22,429
3678,719             -7,120            -22,396
3684,371             -7,120            -22,389
3690,031             -7,129            -22,357
3695,700             -7,138            -22,325
3701,377             -7,107            -19,906
3707,063             -7,152            -22,279
3712,758             -7,160            -22,247
3718,462             -7,169            -22,214
3724,174             -7,169            -22,207
3729,895             -7,178            -22,178
3735,625             -7,187            -22,141
3741,364             -7,196            -22,106
3747,112             -7,196            -22,101
3752,868             -7,205            -22,067
3758,634             -7,214            -22,034
3764,408             -7,223            -21,999
3770,191             -7,244            -21,370
3775,983             -7,237            -21,943
3781,783             -7,237            -21,938
3787,593             -7,246            -21,909
3793,412             -7,254            -21,866
3799,239             -7,263            -21,833
3805,076             -7,272            -21,797
3810,921             -7,272            -21,793
3816,776             -7,280            -21,759
3822,639             -7,289            -21,724
3828,512             -7,298            -21,688
3834,393             -7,298            -21,683
3840,284             -7,307            -21,645
3846,183             -7,314            -21,614
3852,092             -7,322            -21,579
3858,010             -7,331            -21,543
3863,937             -7,340            -21,511
3869,873             -7,340            -21,498
3875,818             -7,348            -21,465
3881,772             -7,357            -21,428
3887,735             -7,366            -21,394
3893,708             -7,365            -21,387
3899,689             -7,374            -21,350
3905,680             -7,383            -21,316
3911,680             -7,391            -21,278
3917,689             -7,401            -20,302
3923,708             -7,374            -20,800
3929,736             -7,408            -21,196
3935,773             -7,417            -21,147
3941,819             -7,425            -21,122
3947,874             -7,425            -21,118
3953,939             -7,433            -21,034
3960,013             -7,434            -21,263
3966,097             -7,451            -21,034
3972,190             -7,450            -20,994
3978,292             -7,459            -20,957
3984,404             -7,468            -20,950
3990,525             -7,476            -20,881
3996,655             -7,485            -18,743
4002,795             -7,486            -20,820
4008,944             -7,494            -20,790
4015,103             -7,503            -20,753
4021,271             -7,503            -20,746
4027,448             -7,511            -20,707
4033,636             -7,519            -20,667
4039,832             -7,528            -20,628
4046,038             -7,536            -20,591
4052,254             -7,536            -20,582
4058,479             -7,544            -20,543
4064,714             -7,553            -20,503
4070,958             -7,561            -20,462
4077,212             -7,561            -20,458
4083,476             -7,573            -20,402
4089,749             -7,581            -20,365
4096,032             -7,581            -20,356
4102,324             -7,589            -20,317
4108,626             -7,597            -20,278
4114,938             -7,606            -20,238
4121,260             -7,605            -20,231
4127,591             -7,614            -20,188
4133,932             -7,622            -20,148
4140,283             -7,630            -20,106
4146,643             -7,638            -20,066
4153,013             -7,638            -20,061
4159,393             -7,646            -20,015
4165,783             -7,688            -21,375
4172,183             -7,659            -19,947
4178,592             -7,667            -19,904
4185,012             -7,675            -19,858
4191,441             -7,675            -19,846
4197,880             -7,683            -19,813
4204,329             -7,691            -19,772
4210,788             -7,699            -19,730
4217,256             -7,699            -19,723
4223,735             -7,707            -19,680
4230,224             -7,715            -19,636
4236,722             -7,723            -19,593
4243,231             -7,731            -19,552
4249,749             -7,731            -19,546
4256,278             -7,738            -19,506
4262,817             -7,745            -19,464
4269,365             -7,753            -19,419
4275,924             -7,761            -19,378
4282,493             -7,761            -19,371
4289,072             -7,769            -19,329
4295,661             -7,776            -19,282
4302,260             -7,784            -19,239
4308,869             -7,784            -19,232
4315,489             -7,792            -19,190
4322,118             -7,800            -19,144
4328,758             -7,807            -19,101
4335,408             -7,815            -19,054
4342,068             -7,815            -19,050
4348,739             -7,824            -19,133
4355,420             -7,831            -18,955
4362,110             -7,839            -18,908
4368,812             -7,839            -18,902
4375,523             -7,846            -18,859
4382,245             -7,854            -18,818
4388,977             -7,861            -18,769
4395,720             -7,861            -18,763
4402,473             -7,869            -18,717
4409,236             -7,876            -18,670
4416,009             -7,884            -18,625
4422,793             -7,891            -18,578
4429,588             -7,891            -18,573
4436,393             -7,899            -18,528
4443,208             -7,919            -19,896
4450,034             -7,909            -18,460
4456,870             -7,916            -18,414
4463,717             -7,924            -18,370
4470,574             -7,931            -18,319
4477,442             -7,931            -18,316
4484,321             -7,938            -18,267
4491,210             -7,945            -18,223
4498,109             -7,953            -18,176
4505,019             -7,960            -18,126
4511,940             -7,960            -18,118
4518,872             -7,967            -18,076
4525,814             -7,975            -18,026
4532,766             -7,982            -17,978
4539,730             -7,982            -17,975
4546,704             -7,993            -17,899
4553,689             -7,993            -17,894
4560,684             -8,000            -17,844
4567,690             -8,008            -17,800
4574,707             -8,015            -17,751
4581,735             -8,015            -17,745
4588,774             -8,022            -17,697
4595,823             -8,029            -17,650
4602,884             -8,036            -17,599
4609,955             -8,043            -17,551
4617,037             -8,043            -17,548
4624,130             -8,050            -17,498
4631,233             -8,057            -17,451
4638,348             -8,064            -17,400
4645,474             -8,064            -17,392
4652,610             -8,070            -17,353
4659,758             -8,077            -17,299
4666,916             -8,084            -17,253
4674,086             -8,091            -17,204
4681,266             -8,091            -17,198
4688,458             -8,097            -17,147
4695,660             -8,104            -17,099
4702,874             -8,111            -17,048
4710,099             -8,118            -17,001
4717,334             -8,118            -16,992
4724,581             -8,125            -16,948
4731,839             -8,131            -16,889
4739,109             -8,138            -16,841
4746,389             -8,138            -16,834
4753,681             -8,145            -16,787
4760,983             -8,168            -17,896
4768,297             -8,153            -16,710
4775,623             -8,160            -16,674
4782,959             -8,166            -16,621
4790,307             -8,173            -16,571
4797,666             -8,180            -16,520
4805,036             -8,180            -16,515
4812,418             -8,186            -16,465
4819,811             -8,193            -16,413
4827,215             -8,199            -16,362
4834,631             -8,206            -16,310
4842,058             -8,206            -16,305
4849,497             -8,212            -16,254
4856,947             -8,219            -16,205
4864,408             -8,225            -16,151
4871,881             -8,225            -16,144
4879,365             -8,235            -16,070
4886,861             -8,235            -16,062
4894,368             -8,241            -16,012
4901,887             -8,248            -16,000
4909,418             -8,254            -15,912
4916,960             -8,260            -15,856
4924,513             -8,260            -15,851
4932,079             -8,267            -15,802
4939,656             -8,273            -15,748
4947,244             -8,280            -15,771
4954,844             -8,280            -15,711
4962,456             -8,286            -15,639
4970,079             -8,292            -15,586
4977,715             -8,298            -15,532
4985,362             -8,305            -15,479
4993,020             -8,305            -15,474
5000,691             -8,310            -15,432
5008,373             -8,316            -15,375
5016,067             -8,322            -15,324
5023,773             -8,328            -15,272
5031,491             -8,328            -15,264
5039,220             -8,334            -15,211
5046,962             -8,340            -15,158
5054,715             -8,346            -15,107
5062,480             -8,352            -15,053
5070,257             -8,352            -15,046
5078,046             -8,358            -14,993
5085,847             -8,364            -14,940
5093,661             -8,370            -14,885
5101,486             -8,370            -14,879
5109,323             -8,376            -14,826
5117,172             -8,382            -14,771
5125,033             -8,370            -14,658
5132,906             -8,389            -14,692
5140,792             -8,395            -14,650
5148,689             -8,401            -14,599
5156,599             -8,406            -14,543
5164,520             -8,406            -14,536
5172,454             -8,412            -14,484
5180,400             -8,418            -14,429
5188,359             -8,424            -14,376
5196,329             -8,429            -14,323
5204,312             -8,429            -14,314
5212,307             -8,435            -14,262
5220,314             -8,441            -14,208
5228,334             -8,446            -14,154
5236,366             -8,447            -14,145
5244,410             -8,452            -14,090
5252,467             -8,458            -14,037
5260,536             -8,410            -11,151
5268,617             -8,467            -13,949
5276,711             -8,472            -13,896
5284,818             -8,478            -13,841
5292,936             -8,478            -13,835
5301,067             -8,483            -13,779
5309,211             -8,487            -13,591
5317,367             -8,494            -13,670
5325,536             -8,500            -13,613
5333,717             -8,499            -13,608
5341,911             -8,505            -13,564
5350,118             -8,510            -13,497
5358,337             -8,516            -13,444
5366,568             -8,516            -13,437
5374,813             -8,521            -13,385
5383,070             -8,527            -13,323
5391,339             -8,532            -13,267
5399,622             -8,532            -13,261
5407,917             -8,537            -13,199
5416,225             -8,542            -13,156
5424,545             -8,547            -13,098
5432,879             -8,553            -13,045
5441,225             -8,553            -13,037
5449,584             -8,558            -12,980
5457,956             -8,563            -12,925
5466,340             -8,568            -12,869
5474,738             -8,573            -12,816
5483,148             -8,573            -12,804
5491,572             -8,579            -12,751
5500,008             -8,584            -12,697
5508,457             -8,589            -12,637
5516,920             -8,589            -12,632
5525,395             -8,594            -12,573
5533,883             -8,599            -12,515
5542,385             -8,604            -12,458
5550,899             -8,636            -14,933
5559,427             -8,611            -12,379
5567,967             -8,616            -12,327
5576,521             -8,621            -12,268
5585,088             -8,620            -12,260
5593,668             -8,626            -12,204
5602,261             -8,630            -12,144
5610,867             -8,635            -12,091
5619,487             -8,640            -12,034
5628,120             -8,640            -12,026
5636,766             -8,645            -11,968
5645,425             -8,650            -11,911
5654,098             -8,655            -11,853
5662,784             -8,655            -11,848
5671,483             -8,660            -11,787
5680,196             -8,664            -11,731
5688,922             -8,669            -11,676
5697,662             -8,674            -11,615
5706,415             -8,674            -11,608
5715,181             -8,677            -11,565
5723,961             -8,682            -11,506
5732,754             -8,687            -11,450
5741,561             -8,691            -11,393
5750,382             -8,696            -11,336
5759,215             -8,696            -11,329
5768,063             -8,700            -11,270
5776,924             -8,705            -11,214
5785,799             -8,710            -11,155
5794,687             -8,710            -11,148
5803,589             -8,714            -11,090
5812,505             -8,719            -11,032
5821,434             -8,723            -10,973
5830,377             -8,728            -10,915
5839,334             -8,728            -10,909
5848,305             -8,732            -10,845
5857,289             -8,737            -10,788
5866,287             -8,741            -10,731
5875,299             -8,741            -10,721
5884,325             -8,746            -10,644
5893,365             -8,751            -10,595
5902,418             -8,755            -10,535
5911,486             -8,755            -10,532
5920,567             -8,759            -10,473
5929,663             -8,764            -10,415
5938,772             -8,768            -10,356
5947,895             -8,772            -10,298
5957,033             -8,772            -10,289
5966,184             -8,776            -10,230
5975,350             -8,781            -10,170
5984,529             -8,785            -10,110
5993,723             -8,785            -10,104
6002,931             -8,789            -10,037
6012,153             -8,793             -9,985
6021,389             -8,797             -9,928
6030,639             -8,802             -9,865
6039,903             -8,802             -9,856
6049,182             -8,806             -9,795
6058,475             -8,799             -8,664
6067,782             -8,812             -9,697
6077,104             -8,816             -9,638
6086,440             -8,820             -9,581
6095,790             -8,820             -9,571
6105,155             -8,824             -9,513
6114,534             -8,828             -9,451
6123,927             -8,832             -9,393
6133,335             -8,832             -9,386
6142,757             -8,836             -9,324
6152,194             -8,840             -9,264
6161,645             -8,844             -9,205
6171,111             -8,848             -9,145
6180,591             -8,848             -9,138
6190,086             -8,851             -9,076
6199,595             -8,855             -9,015
6209,119             -8,859             -8,956
6218,658             -8,859             -8,947
6228,211             -8,863             -8,885
6237,779             -8,867             -8,827
6247,362             -8,886            -11,738
6256,959             -8,871             -8,732
6266,571             -8,875             -8,691
6276,198             -8,878             -8,627
6285,840             -8,882             -8,569
6295,497             -8,886             -8,507
6305,168             -8,885             -8,498
6314,854             -8,889             -8,441
6324,555             -8,893             -8,379
6334,271             -8,896             -8,317
6344,002             -8,900             -8,260
6353,748             -8,900             -8,247
6363,509             -8,903             -8,186
6373,285             -8,907             -8,126
6383,076             -8,910             -8,066
6392,882             -8,910             -8,058
6402,703             -8,914             -7,996
6412,539             -8,917             -7,933
6422,390             -8,921             -7,871
6432,256             -8,921             -7,864
6442,138             -8,924             -7,800
6452,034             -8,926             -7,756
6461,946             -8,930             -7,698
6471,873             -8,933             -7,636
6481,815             -8,936             -7,573
6491,773             -8,939             -7,516
6501,746             -8,939             -7,504
6511,734             -8,943             -7,443
6521,738             -8,946             -7,380
6531,757             -8,948             -7,173
6541,791             -8,948             -7,161
6551,841             -8,952             -7,252
6561,906             -8,955             -7,189
6571,986             -8,958             -7,127
6582,083             -8,961             -7,064
6592,194             -8,962             -7,054
6602,321             -8,965             -6,982
6612,464             -8,968             -6,929
6622,622             -8,971             -6,867
6632,796             -8,971             -6,859
6642,986             -8,974             -6,795
6653,191             -8,977             -6,731
6663,412             -8,958             -7,312
6673,649             -8,981             -6,648
6683,901             -8,984             -6,585
6694,169             -8,986             -6,524
6704,453             -8,989             -6,463
6714,752             -8,989             -6,452
6725,068             -8,992             -6,391
6735,399             -8,995             -6,328
6745,746             -8,998             -6,266
6756,109             -9,001             -6,203
6766,488             -9,001             -6,195
6776,883             -9,003             -6,133
6787,294             -9,006             -6,070
6797,721             -9,009             -6,005
6808,164             -9,012             -5,943
6818,623             -9,012             -5,936
6829,098             -9,015             -5,872
6839,589             -9,017             -5,807
6850,096             -9,020             -5,746
6860,619             -9,020             -5,734
6871,159             -9,023             -5,673
6881,715             -9,025             -5,608
6892,287             -9,021             -3,192
6902,875             -9,030             -5,491
6913,479             -9,030             -5,479
6924,100             -9,032             -5,421
6934,737             -9,035             -5,358
6945,390             -9,037             -5,294
6956,060             -9,040             -5,232
6966,746             -9,040             -5,226
6977,449             -9,042             -5,163
6988,168             -9,044             -5,098
6998,903             -9,047             -5,034
7009,655             -9,047             -5,023
7020,424             -9,049             -4,961
7031,209             -9,051             -4,895
7042,010             -9,054             -4,833
7052,829             -9,056             -4,768
7063,663             -9,056             -4,761
7074,515             -9,058             -4,697
7085,383             -9,061             -4,630
7096,268             -9,063             -4,568
7107,169             -9,063             -4,555
7118,088             -9,065             -4,493
7129,023             -9,067             -4,431
7139,975             -9,027             -2,201
7150,943             -9,071             -4,324
7161,929             -9,073             -4,262
7172,931             -9,075             -4,201
7183,950             -9,075             -4,189
7194,987             -9,077             -4,126
7206,040             -9,079             -4,064
7217,110             -9,081             -4,001
7228,197             -9,083             -3,938
7239,301             -9,083             -3,927
7250,423             -9,085             -3,862
7261,561             -9,086             -3,798
7272,717             -9,088             -3,734
7283,889             -9,090             -3,669
7295,079             -9,090             -3,660
7306,286             -9,092             -3,593
7317,510             -9,094             -3,531
7328,751             -9,096             -3,464
7340,010             -9,096             -3,453
7351,286             -9,097             -3,389
7362,579             -9,099             -3,325
7373,890             -9,101             -3,265
7385,218             -9,101             -3,250
7396,564             -9,103             -3,187
7407,926             -9,105             -3,102
7419,307             -9,106             -3,043
7430,705             -9,106             -3,034
7442,120             -9,108             -2,971
7453,553             -9,109             -2,907
7465,003             -9,111             -2,846
7476,471             -9,113             -2,779
7487,957             -9,113             -2,769
7499,460             -9,114             -2,704
7510,981             -9,116             -2,640
7522,520             -9,117             -2,581
7534,076             -9,117             -2,570
7545,650             -9,119             -2,501
7557,242             -9,120             -2,437
7568,852             -9,122             -2,372
7580,479             -9,123             -2,306
7592,125             -9,123             -2,299
7603,788             -9,124             -2,230
7615,469             -9,126             -2,166
7627,168             -9,127             -2,102
7638,885             -9,128             -2,037
7650,621             -9,128             -2,025
7662,374             -9,129             -1,957
7674,145             -9,131             -1,890
7685,934             -9,168             -5,090
7697,742             -9,118             -6,007
7709,567             -9,133             -1,749
7721,411             -9,134             -1,694
7733,273             -9,135             -1,622
7745,153             -9,136             -1,390
7757,051             -9,135             -1,463
7768,968             -9,137             -1,483
7780,903             -9,138             -1,422
7792,856             -9,139             -1,351
7804,828             -9,139             -1,343
7816,818             -9,140             -1,682
7828,826             -9,141             -1,210
7840,853             -9,142             -1,433
7852,899             -9,143             -1,081
7864,963             -9,143             -1,069
7877,045             -9,143             -0,798
7889,146             -9,144             -0,937
7901,266             -9,145             -0,871
7913,404             -9,146             -0,777
7925,561             -9,146             -0,902
7937,736             -9,146             -1,004
7949,930             -9,148             -0,662
7962,143             -9,148             -0,595
7974,375             -9,148             -0,589
7986,626             -9,149             -0,518
7998,895             -9,144             -1,468
8011,183             -9,150             -0,397
8023,490             -9,151             -0,330
8035,816             -9,151             -0,321
8048,161             -9,151             -0,257
8060,525             -9,152             -0,193
8072,908             -9,152             -0,129
8085,310             -9,153             -0,062
8097,731             -9,153             -0,051
8110,171             -9,153              0,012
8122,630             -9,154              0,077
8135,108             -9,154              0,144
8147,606             -9,154              0,211
8160,122             -9,155              0,221
8172,658             -9,155              0,288
8185,213             -9,155              0,353
8197,788             -9,156              0,420
8210,381             -9,156              0,480
8222,994             -9,156              0,503
8235,627             -9,156              0,564
8248,279             -9,156              0,628
8260,950             -9,156              0,698
8273,641             -9,156              0,708
8286,351             -9,157              0,775
8299,081             -9,157              0,843
8311,830             -9,157              0,906
8324,599             -9,157              0,918
8337,388             -9,157              1,025
8350,196             -9,157              1,037
8363,024             -9,157              1,102
8375,871             -9,157              1,166
8388,739             -9,157              1,232
8401,626             -9,157              1,296
8414,533             -9,157              1,308
8427,459             -9,157              1,374
8440,406             -9,157              1,440
8453,372             -9,156              1,505
8466,359             -9,157              1,515
8479,365             -9,156              1,583
8492,391             -9,156              1,651
8505,438             -9,156              1,716
8518,504             -9,156              1,780
8531,590             -9,156              1,793
8544,697             -9,155              1,860
8557,824             -9,155              1,925
8570,970             -9,155              1,991
8584,137             -9,154              2,055
8597,325             -9,155              2,070
8610,532             -9,154              2,136
8623,760             -9,154              2,201
8637,008             -9,153              2,267
8650,277             -9,153              2,281
8663,565             -9,153              2,348
8676,875             -9,152              2,413
8690,204             -9,147              2,711
8703,555             -9,151              2,532
8716,925             -9,151              2,596
8730,317             -9,151              2,610
8743,728             -9,150              2,672
8757,161             -9,150              2,738
8770,614             -9,149              2,804
8784,088             -9,148              2,865
8797,582             -9,148              2,879
8811,097             -9,148              2,945
8824,633             -9,147              3,011
8838,190             -9,146              3,077
8851,767             -9,146              3,084
8865,366             -9,145              3,154
8878,985             -9,144              3,219
8892,625             -9,144              3,282
8906,287             -9,143              3,348
8919,969             -9,143              3,364
8933,672             -9,142              3,428
8947,396             -9,141              3,493
8961,141             -9,140              3,560
8974,908             -9,139              3,625
8988,695             -9,139              3,635
9002,504             -9,138              3,706
9016,334             -9,137              3,770
9030,185             -9,136              3,837
9044,058             -9,136              3,848
9057,952             -9,135              3,916
9071,867             -9,134              3,984
9085,803             -9,089              4,816
9099,761             -9,131              4,105
9113,741             -9,130              4,167
9127,741             -9,130              4,180
9141,764             -9,129              4,245
9155,808             -9,128              4,311
9169,873             -9,127              4,375
9183,960             -9,127              4,387
9198,069             -9,125              4,455
9212,199             -9,124              4,450
9226,351             -9,123              4,581
9240,525             -9,121              4,646
9254,721             -9,121              4,657
9268,938             -9,120              4,723
9283,178             -9,119              4,787
9297,439             -9,117              4,853
9311,722             -9,115              4,918
9326,027             -9,115              4,933
9340,354             -9,114              4,996
9354,703             -9,112              5,062
9369,074             -9,111              5,127
9383,467             -9,109              5,193
9397,882             -9,109              5,203
9412,320             -9,107              5,275
9426,779             -9,106              5,338
9441,261             -9,104              5,403
9455,765             -9,104              5,417
9470,291             -9,102              5,481
9484,840             -9,101              5,547
9499,411             -9,099              5,612
9514,004             -9,099              5,626
9528,620             -9,084              6,367
9543,258             -9,095              5,754
9557,919             -9,093              5,819
9572,602             -9,091              5,883
9587,308             -9,092              5,895
9602,036             -9,090              5,957
9616,787             -9,085              6,054
9631,561             -9,086              6,088
9646,357             -9,084              6,151
9661,176             -9,084              6,165
9676,018             -9,082              6,229
9690,883             -9,080              6,297
9705,770             -9,076              6,266
9720,680             -9,076              6,420
9735,614             -9,076              6,435
9750,570             -9,073              6,501
9765,549             -9,071              6,563
9780,551             -9,069              6,630
9795,576             -9,068              7,282
9810,625             -9,064              6,767
9825,696             -9,065              6,773
9840,791             -9,062              6,837
9855,908             -9,060              6,903
9871,049             -9,060              6,916
9886,214             -9,058              6,980
9901,401             -9,053              6,720
9916,612             -9,053              7,109
9931,846             -9,050              7,177
9947,104             -9,050              7,191
9962,385             -9,048              7,254
9977,690             -9,045              7,321
9993,018             -9,032             14,672
10008,369             -9,042              7,415
10023,745             -9,040              7,479
10039,144             -9,037              7,540
10054,566             -9,035              7,603
10070,012             -9,035              7,616
10085,482             -9,032              7,680
10100,976             -9,030              7,744
10116,493             -9,027              7,807
10132,035             -9,024              7,869
10147,600             -9,024              7,885
10163,189             -9,022              7,944
10178,802             -9,019              8,009
10194,439             -9,016              8,073
10210,100             -9,013              8,136
10225,785             -9,013              8,150
10241,494             -9,011              8,211
10257,228             -9,008              8,277
10272,985             -9,005              8,340
10288,767             -9,005              8,353
10304,573             -9,002              8,419
10320,403             -8,999              8,481
10336,258             -8,996              8,543
10352,137             -8,993              8,608
10368,040             -8,993              8,622
10383,968             -8,990              8,685
10399,920             -8,987              8,749
10415,897             -8,984              8,814
10431,898             -8,984              8,828
10447,924             -8,981              8,889
10463,974             -8,978              8,953
10480,049             -8,975              9,016
10496,149             -8,971              9,081
10512,274             -8,971              9,097
10528,423             -8,969              9,148
10544,597             -8,966              9,214
10560,796             -8,962              9,269
10577,020             -8,959              9,332
10593,269             -8,956              9,394
10609,543             -8,956              9,409
10625,841             -8,953              9,472
10642,165             -8,950              9,529
10658,514             -8,946              9,592
10674,888             -8,943              9,656
10691,287             -8,943              9,669
10707,712             -8,940              9,733
10724,161             -8,936              9,790
10740,636             -8,933              9,853
10757,136             -8,929              9,914
10773,662             -8,929              9,929
10790,212             -8,926              9,990
10806,789             -8,922             10,054
10823,391             -8,918             10,116
10840,018             -8,918             10,131
10856,671             -8,915             10,189
10873,349             -8,911             10,252
10890,053             -8,907             10,316
10906,783             -8,904             10,377
10923,538             -8,904             10,390
10940,319             -8,900             10,454
10957,126             -8,896             10,513
10973,959             -8,892             10,579
10990,817             -8,889             10,638
11007,702             -8,889             10,656
11024,612             -8,885             10,715
11041,549             -8,881             10,779
11058,511             -8,877             10,841
11075,500             -8,877             10,854
11092,514             -8,873             10,917
11109,555             -8,858             19,208
11126,622             -8,867             11,014
11143,715             -8,863             11,071
11160,834             -8,859             11,132
11177,980             -8,856             11,187
11195,152             -8,852             11,250
11212,350             -8,852             11,266
11229,575             -8,848             11,324
11246,827             -8,844             11,383
11264,104             -8,840             11,440
11281,409             -8,836             11,481
11298,739             -8,836             11,633
11316,097             -8,831             11,577
11333,481             -8,827             11,638
11350,892             -8,823             11,696
11368,330             -8,819             11,758
11385,794             -8,819             11,773
11403,285             -8,815             11,828
11420,804             -8,810             11,890
11438,349             -8,806             11,950
11455,921             -8,802             12,011
11473,520             -8,802             12,026
11491,146             -8,797             12,088
11508,799             -8,793             12,148
11526,479             -8,788             12,208
11544,186             -8,789             12,223
11561,921             -8,784             12,282
11579,683             -8,780             12,342
11597,472             -8,775             12,404
11615,288             -8,771             12,459
11633,132             -8,771             12,476
11651,003             -8,766             12,536
11668,902             -8,761             12,596
11686,828             -8,757             12,655
11704,782             -8,757             12,673
11722,763             -8,752             12,730
11740,772             -8,747             12,789
11758,809             -8,699             14,357
11776,873             -8,741             12,877
11794,965             -8,737             12,932
11813,085             -8,732             12,988
11831,233             -8,728             13,044
11849,408             -8,723             13,100
11867,612             -8,723             13,115
11885,843             -8,718             13,174
11904,103             -8,711             12,695
11922,390             -8,709             13,287
11940,706             -8,704             13,346
11959,049             -8,704             13,362
11977,421             -8,700             13,418
11995,822             -8,695             13,471
12014,250             -8,690             13,532
12032,707             -8,685             13,589
12051,192             -8,685             13,605
12069,705             -8,680             13,661
12088,247             -8,675             13,719
12106,817             -8,670             13,777
12125,416             -8,665             13,833
12144,044             -8,665             13,848
12162,700             -8,660             13,906
12181,385             -8,655             13,961
12200,098             -8,650             14,019
12218,840             -8,650             14,036
12237,612             -8,644             14,093
12256,411             -8,639             14,150
12275,240             -8,634             14,207
12294,098             -8,629             14,263
12312,984             -8,629             14,281
12331,900             -8,623             14,337
12350,845             -8,618             14,394
12369,819             -8,613             14,451
12388,822             -8,607             14,507
12407,854             -8,607             14,524
12426,915             -8,602             14,581
12446,006             -8,596             14,638
12465,126             -8,591             14,694
12484,275             -8,591             14,712
12503,454             -8,584             14,798
12522,662             -8,578             14,836
12541,900             -8,578             14,853
12561,167             -8,573             14,904
12580,464             -8,568             14,956
12599,791             -8,562             15,015
12619,147             -8,557             15,066
12638,533             -8,552             15,125
12657,949             -8,552             15,137
12677,394             -8,546             15,194
12696,870             -8,537             15,457
12716,375             -8,535             15,300
12735,910             -8,530             15,354
12755,476             -8,530             15,372
12775,071             -8,524             15,425
12794,697             -8,518             15,480
12814,352             -8,518             16,132
12834,038             -8,507             15,587
12853,754             -8,507             15,604
12873,501             -8,501             15,658
12893,277             -8,495             15,713
12913,085             -8,490             15,766
12932,922             -8,484             15,817
12952,790             -8,484             15,837
12972,689             -8,478             15,891
12992,618             -8,472             15,944
13012,577             -8,466             15,997
13032,568             -8,466             16,016
13052,589             -8,460             16,070
13072,641             -8,454             16,129
13092,723             -8,448             16,174
13112,837             -8,442             16,230
13132,981             -8,442             16,248
13153,157             -8,436             16,300
13173,363             -8,430             16,354
13193,600             -8,424             16,408
13213,869             -8,424             16,424
13234,169             -8,418             16,479
13254,499             -8,412             16,531
13274,861             -8,405             16,583
13295,255             -8,399             16,634
13315,679             -8,399             16,652
13336,135             -8,394             16,698
13356,623             -8,388             16,745
13377,142             -8,383             16,797
13397,692             -8,377             16,849
13418,274             -8,371             16,898
13438,888             -8,371             16,917
13459,533             -8,365             16,967
13480,210             -8,359             17,015
13500,919             -8,352             17,065
13521,660             -8,346             17,114
13542,432             -8,340             17,165
13563,236             -8,340             17,184
13584,073             -8,334             17,236
13604,941             -8,328             17,287
13625,841             -8,322             17,333
13646,774             -8,315             17,385
13667,739             -8,315             17,403
13688,735             -8,309             17,452
13709,765             -8,303             17,501
13730,826             -8,296             17,553
13751,920             -8,290             17,599
13773,046             -8,290             17,620
13794,205             -8,283             17,667
13815,396             -8,277             17,717
13836,619             -8,270             17,767
13857,876             -8,264             17,818
13879,165             -8,264             17,838
13900,486             -8,257             17,884
13921,841             -8,251             17,935
13943,228             -8,244             17,985
13964,648             -8,237             18,034
13986,101             -8,237             18,054
14007,587             -8,231             18,104
14029,106             -8,224             18,156
14050,658             -8,217             18,200
14072,243             -8,217             18,219
14093,861             -8,210             18,271
14115,513             -8,203             18,316
14137,198             -8,197             18,367
14158,916             -8,190             18,417
14180,667             -8,190             18,436
14202,452             -8,183             18,482
14224,270             -8,176             18,532
14246,122             -8,169             18,578
14268,008             -8,169             18,600
14289,927             -8,159             18,662
14311,879             -8,152             18,708
14333,866             -8,152             18,723
14355,886             -8,146             18,772
14377,940             -8,139             18,817
14400,028             -8,133             18,863
14422,150             -8,126             18,908
14444,305             -8,126             18,928
14466,495             -8,119             18,975
14488,719             -8,112             19,022
14510,977             -8,106             19,064
14533,270             -8,099             19,109
14555,596             -8,092             19,156
14577,957             -8,092             19,175
14600,352             -8,085             19,220
14622,782             -8,078             19,266
14645,246             -8,071             19,313
14667,744             -8,064             19,359
14690,277             -8,064             19,377
14712,845             -8,057             19,421
14735,447             -8,050             19,469
14758,085             -8,043             19,514
14780,756             -8,036             19,557
14803,463             -8,036             19,577
14826,205             -8,029             19,625
14848,981             -8,022             19,667
14871,793             -8,015             19,714
14894,639             -8,007             19,760
14917,521             -8,007             19,780
14940,438             -8,000             19,821
14963,390             -7,993             19,867
14986,377             -7,986             19,910
