18-5-2026	16:16
Amplitude: 2,00 V
Freq  (Hz) 	 Gain (dB)  	 Phase (deg)
2000,000             -4,294            -24,039
2003,072             -4,298            -24,593
2006,150             -4,298            -24,591
2009,232             -4,306            -24,607
2012,318             -4,314            -24,611
2015,410             -4,322            -24,616
2018,506             -4,345            -25,190
2021,607             -4,331            -24,653
2024,712             -4,339            -24,648
2027,823             -4,348            -24,654
2030,938             -4,356            -24,666
2034,058             -4,356            -24,663
2037,183             -4,364            -24,671
2040,312             -4,403            -26,146
2043,447             -4,374            -24,677
2046,586             -4,382            -24,691
2049,730             -4,390            -24,704
2052,879             -4,398            -24,714
2056,033             -4,406            -24,725
2059,191             -4,407            -24,720
2062,355             -4,416            -24,734
2065,523             -4,425            -24,743
2068,696             -4,425            -24,740
2071,874             -4,433            -24,747
2075,057             -4,441            -24,758
2078,245             -4,449            -24,770
2081,437             -4,452            -24,755
2084,635             -4,460            -24,779
2087,837             -4,468            -24,786
2091,045             -4,476            -24,792
2094,257             -4,476            -24,798
2097,474             -4,485            -24,797
2100,697             -4,493            -24,811
2103,924             -4,491            -24,211
2107,156             -4,504            -24,821
2110,393             -4,513            -24,857
2113,635             -4,521            -24,836
2116,882             -4,521            -24,833
2120,134             -4,529            -24,840
2123,391             -4,537            -24,853
2126,653             -4,544            -24,115
2129,920             -4,549            -24,861
2133,192             -4,557            -24,868
2136,469             -4,566            -24,878
2139,751             -4,566            -24,872
2143,039             -4,574            -24,882
2146,331             -4,583            -24,889
2149,628             -4,609            -25,054
2152,930             -4,595            -24,900
2156,238             -4,603            -24,907
2159,550             -4,612            -24,915
2162,868             -4,612            -24,915
2166,191             -4,620            -24,917
2169,518             -4,629            -24,922
2172,851             -4,669            -26,514
2176,189             -4,641            -24,932
2179,532             -4,650            -24,938
2182,881             -4,658            -24,950
2186,234             -4,658            -24,939
2189,593             -4,667            -24,949
2192,956             -4,675            -24,957
2196,325             -4,665            -24,520
2199,699             -4,689            -24,965
2203,079             -4,697            -24,972
2206,463             -4,697            -24,967
2209,853             -4,706            -24,974
2213,248             -4,715            -24,979
2216,648             -4,723            -24,986
2220,053             -4,732            -25,123
2223,463             -4,737            -24,994
2226,879             -4,737            -24,990
2230,300             -4,745            -24,994
2233,726             -4,754            -25,001
2237,158             -4,763            -25,007
2240,595             -4,771            -25,012
2244,037             -4,771            -25,009
2247,484             -4,777            -25,012
2250,937             -4,786            -25,017
2254,395             -4,794            -25,022
2257,858             -4,803            -25,026
2261,327             -4,803            -25,024
2264,801             -4,812            -25,028
2268,280             -4,821            -25,033
2271,765             -4,866            -26,170
2275,255             -4,836            -25,043
2278,750             -4,845            -25,040
2282,251             -4,845            -25,040
2285,757             -4,853            -25,044
2289,268             -4,862            -25,050
2292,785             -4,871            -25,052
2296,307             -4,871            -25,049
2299,835             -4,878            -25,052
2303,368             -4,887            -25,048
2306,907             -4,895            -25,056
2310,450             -4,904            -25,057
2314,000             -4,904            -25,054
2317,555             -4,913            -25,061
2321,115             -4,922            -25,065
2324,681             -4,920            -24,960
2328,252             -4,938            -25,068
2331,829             -4,938            -25,062
2335,411             -4,947            -25,066
2338,999             -4,956            -25,070
2342,592             -4,965            -25,069
2346,191             -4,973            -25,079
2349,795             -4,973            -25,073
2353,405             -4,978            -25,604
2357,020             -4,991            -25,076
2360,641             -4,999            -25,074
2364,268             -4,999            -25,076
2367,900             -5,007            -25,212
2371,537             -5,018            -25,279
2375,181             -5,026            -25,069
2378,830             -5,025            -23,833
2382,484             -5,063            -24,839
2386,144             -5,044            -25,083
2389,810             -5,052            -25,282
2393,481             -5,066            -24,887
2397,158             -5,059            -25,269
2400,841             -5,073            -25,254
2404,529             -5,080            -25,078
2408,223             -5,094            -24,884
2411,922             -5,089            -25,109
2415,628             -5,098            -25,079
2419,339             -5,107            -25,079
2423,055             -5,116            -25,082
2426,778             -5,116            -25,070
2430,506             -5,125            -25,074
2434,240             -5,134            -25,077
2437,979             -5,099            -23,470
2441,725             -5,145            -25,082
2445,476             -5,154            -25,073
2449,232             -5,163            -25,073
2452,995             -5,172            -25,071
2456,763             -5,172            -25,068
2460,538             -5,181            -25,067
2464,318             -5,190            -25,067
2468,103             -5,199            -24,558
2471,895             -5,201            -25,060
2475,692             -5,210            -25,068
2479,496             -5,219            -25,060
2483,305             -5,228            -25,061
2487,120             -5,228            -25,053
2490,940             -5,237            -25,056
2494,767             -5,246            -25,051
2498,600             -5,208            -23,425
2502,438             -5,258            -25,047
2506,282             -5,267            -25,045
2510,133             -5,276            -25,043
2513,989             -5,276            -25,038
2517,851             -5,285            -25,036
2521,719             -5,294            -25,039
2525,593             -5,303            -25,037
2529,473             -5,306            -25,109
2533,359             -5,316            -25,026
2537,250             -5,325            -25,024
2541,148             -5,325            -25,016
2545,052             -5,334            -25,022
2548,962             -5,343            -25,016
2552,878             -5,352            -25,012
2556,799             -5,361            -25,008
2560,727             -5,361            -25,003
2564,661             -5,375            -25,001
2568,601             -5,375            -24,998
2572,547             -5,384            -24,993
2576,499             -5,393            -24,992
2580,457             -5,402            -24,988
2584,421             -5,402            -24,978
2588,392             -5,411            -24,980
2592,368             -5,421            -24,974
2596,351             -5,421            -24,346
2600,339             -5,435            -24,969
2604,334             -5,444            -24,963
2608,335             -5,453            -24,958
2612,342             -5,453            -24,954
2616,355             -5,463            -24,950
2620,374             -5,472            -24,944
2624,400             -5,481            -24,939
2628,431             -5,481            -24,935
2632,469             -5,496            -24,927
2636,513             -5,496            -24,923
2640,564             -5,504            -24,944
2644,620             -5,515            -24,921
2648,683             -5,523            -24,914
2652,752             -5,523            -24,910
2656,827             -5,532            -24,902
2660,909             -5,542            -24,891
2664,997             -5,545            -25,532
2669,091             -5,558            -24,874
2673,191             -5,558            -24,871
2677,298             -5,567            -24,868
2681,411             -5,576            -24,860
2685,530             -5,585            -24,837
2689,656             -5,595            -24,847
2693,787             -5,595            -24,844
2697,926             -5,604            -24,837
2702,070             -5,556            -23,573
2706,221             -5,621            -24,823
2710,379             -5,630            -24,816
2714,543             -5,630            -24,808
2718,713             -5,639            -24,803
2722,889             -5,649            -24,794
2727,072             -5,658            -24,789
2731,262             -5,658            -24,785
2735,458             -5,667            -24,776
2739,660             -5,663            -24,983
2743,869             -5,685            -24,760
2748,084             -5,694            -24,746
2752,306             -5,694            -24,744
2756,534             -5,703            -24,734
2760,769             -5,713            -24,724
2765,010             -5,722            -24,718
2769,257             -5,722            -24,716
2773,512             -5,731            -24,701
2777,772             -5,782            -25,940
2782,040             -5,750            -24,683
2786,314             -5,759            -24,678
2790,594             -5,759            -24,670
2794,881             -5,768            -24,660
2799,175             -5,778            -24,651
2803,475             -5,787            -24,644
2807,782             -5,787            -24,639
2812,095             -5,796            -24,622
2816,415             -5,822            -25,341
2820,742             -5,816            -24,607
2825,075             -5,816            -24,604
2829,415             -5,825            -24,592
2833,762             -5,835            -24,582
2838,115             -5,844            -24,570
2842,475             -5,844            -24,564
2846,842             -5,853            -24,554
2851,215             -5,862            -24,543
2855,595             -5,852            -22,578
2859,982             -5,874            -24,522
2864,376             -5,883            -24,513
2868,776             -5,893            -24,502
2873,183             -5,902            -24,490
2877,597             -5,902            -24,487
2882,018             -5,911            -24,470
2886,445             -5,920            -24,458
2890,880             -5,929            -24,448
2895,321             -5,929            -24,443
2899,769             -5,942            -24,429
2904,223             -5,951            -24,414
2908,685             -5,951            -24,411
2913,153             -5,960            -24,398
2917,629             -5,970            -24,384
2922,111             -5,979            -24,365
2926,600             -5,988            -24,357
2931,096             -5,988            -24,352
2935,599             -5,997            -24,339
2940,108             -5,956            -23,199
2944,625             -6,011            -24,318
2949,149             -6,020            -24,303
2953,679             -6,029            -24,298
2958,217             -6,029            -24,290
2962,761             -6,039            -24,268
2967,313             -6,048            -24,257
2971,871             -6,057            -24,242
2976,437             -6,066            -24,224
2981,009             -6,067            -24,221
2985,589             -6,081            -24,202
2990,175             -6,081            -24,197
2994,769             -6,090            -24,180
2999,370             -6,099            -24,169
3003,977             -6,109            -24,148
3008,592             -6,109            -24,144
3013,214             -6,118            -24,127
3017,843             -6,128            -24,115
3022,479             -6,137            -24,096
3027,122             -6,137            -24,091
3031,773             -6,152            -24,070
3036,430             -6,152            -24,064
3041,095             -6,161            -24,046
3045,767             -6,171            -24,029
3050,446             -6,180            -24,011
3055,132             -6,180            -24,010
3059,826             -6,189            -23,992
3064,526             -6,198            -23,977
3069,234             -6,208            -23,958
3073,949             -6,196            -23,993
3078,671             -6,215            -23,939
3083,401             -6,225            -23,919
3088,138             -6,234            -23,907
3092,882             -6,243            -23,883
3097,633             -6,252            -23,867
3102,392             -6,252            -23,861
3107,158             -6,261            -23,842
3111,931             -6,271            -23,826
3116,712             -6,280            -23,806
3121,500             -6,280            -23,803
3126,295             -6,286            -22,191
3131,098             -6,298            -23,761
3135,908             -6,307            -23,744
3140,726             -6,316            -23,726
3145,551             -6,316            -23,722
3150,383             -6,326            -23,845
3155,223             -6,334            -23,683
3160,070             -6,343            -23,656
3164,924             -6,344            -23,691
3169,786             -6,353            -23,644
3174,656             -6,362            -24,181
3179,533             -6,372            -23,597
3184,417             -6,381            -23,573
3189,309             -6,381            -23,570
3194,209             -6,390            -23,550
3199,116             -6,399            -23,549
3204,031             -6,408            -23,510
3208,953             -6,408            -23,505
3213,883             -6,417            -23,485
3218,820             -6,427            -23,460
3223,765             -6,444            -22,678
3228,717             -6,437            -23,438
3233,677             -6,446            -23,410
3238,645             -6,456            -23,391
3243,620             -6,465            -23,368
3248,603             -6,465            -23,364
3253,594             -6,474            -23,343
3258,592             -6,483            -23,318
3263,598             -6,492            -23,298
3268,612             -6,492            -23,289
3273,633             -6,501            -23,268
3278,662             -6,498            -23,543
3283,699             -6,513            -23,234
3288,743             -6,522            -23,215
3293,796             -6,531            -23,190
3298,856             -6,540            -23,136
3303,924             -6,549            -23,143
3308,999             -6,549            -23,138
3314,083             -6,559            -23,115
3319,174             -6,567            -23,093
3324,273             -6,576            -23,069
3329,380             -6,577            -23,060
3334,494             -6,590            -23,027
3339,617             -6,590            -23,021
3344,747             -6,599            -22,998
3349,886             -6,608            -22,976
3355,032             -6,617            -22,951
3360,186             -6,626            -22,924
3365,348             -6,626            -22,919
3370,518             -6,635            -22,898
3375,696             -6,644            -22,869
3380,882             -6,653            -22,844
3386,076             -6,653            -22,842
3391,278             -6,667            -22,805
3396,487             -6,668            -22,797
3401,705             -6,676            -22,773
3406,931             -6,685            -22,746
3412,165             -6,694            -22,719
3417,407             -6,694            -22,715
3422,657             -6,703            -22,688
3427,915             -6,712            -22,664
3433,181             -6,721            -22,636
3438,455             -6,730            -22,609
3443,737             -6,730            -22,604
3449,028             -6,737            -22,574
3454,326             -6,746            -22,555
3459,633             -6,755            -22,529
3464,948             -6,764            -22,502
3470,271             -6,764            -22,493
3475,602             -6,772            -22,470
3480,941             -6,781            -22,438
3486,289             -6,790            -22,412
3491,644             -6,799            -22,384
3497,008             -6,799            -22,379
3502,381             -6,808            -22,351
3507,761             -6,817            -21,563
3513,150             -6,825            -22,295
3518,547             -6,825            -22,293
3523,952             -6,833            -22,261
3529,366             -6,842            -22,233
3534,788             -6,851            -22,204
3540,218             -6,860            -22,176
3545,657             -6,860            -22,171
3551,103             -6,869            -22,294
3556,559             -6,877            -22,114
3562,023             -6,886            -22,078
3567,495             -6,886            -22,080
3572,975             -6,896            -22,057
3578,464             -6,905            -22,014
3583,961             -6,913            -21,983
3589,467             -6,913            -21,980
3594,982             -6,922            -21,948
3600,504             -6,931            -21,920
3606,035             -6,939            -21,887
3611,575             -6,948            -21,872
3617,123             -6,948            -21,858
3622,680             -6,957            -21,824
3628,245             -6,965            -21,792
3633,819             -6,982            -22,413
3639,402             -6,976            -21,747
3644,993             -6,985            -21,716
3650,592             -6,993            -21,684
3656,200             -7,002            -21,656
3661,817             -7,002            -21,647
3667,443             -7,010            -21,618
3673,077             -7,019            -21,583
3678,719             -7,028            -21,551
3684,371             -7,027            -21,546
3690,031             -7,036            -21,513
3695,700             -7,045            -21,482
3701,377             -7,000            -20,301
3707,063             -7,057            -21,431
3712,758             -7,065            -21,401
3718,462             -7,074            -21,366
3724,174             -7,074            -21,361
3729,895             -7,082            -21,328
3735,625             -7,091            -21,299
3741,364             -7,099            -21,262
3747,112             -7,099            -21,258
3752,868             -7,108            -21,223
3758,634             -7,116            -21,188
3764,408             -7,125            -21,158
3770,191             -7,129            -21,285
3775,983             -7,138            -21,098
3781,783             -7,138            -21,092
3787,593             -7,146            -21,055
3793,412             -7,155            -21,024
3799,239             -7,163            -20,990
3805,076             -7,172            -20,953
3810,921             -7,171            -20,948
3816,776             -7,180            -20,915
3822,639             -7,188            -20,876
3828,512             -7,197            -20,839
3834,393             -7,196            -20,838
3840,284             -7,205            -20,800
3846,183             -7,211            -20,775
3852,092             -7,220            -20,735
3858,010             -7,228            -20,700
3863,937             -7,236            -20,663
3869,873             -7,236            -20,662
3875,818             -7,244            -20,625
3881,772             -7,252            -20,583
3887,735             -7,261            -20,550
3893,708             -7,261            -20,546
3899,689             -7,269            -20,510
3905,680             -7,277            -20,476
3911,680             -7,285            -20,434
3917,689             -7,312            -20,078
3923,708             -7,277            -20,777
3929,736             -7,301            -20,357
3935,773             -7,309            -20,294
3941,819             -7,317            -20,282
3947,874             -7,317            -20,275
3953,939             -7,326            -20,262
3960,013             -7,342            -19,979
3966,097             -7,342            -20,207
3972,190             -7,342            -20,200
3978,292             -7,350            -20,119
3984,404             -7,357            -20,067
3990,525             -7,366            -20,041
3996,655             -7,336            -17,386
4002,795             -7,375            -20,000
4008,944             -7,383            -19,953
4015,103             -7,391            -19,914
4021,271             -7,391            -19,911
4027,448             -7,399            -19,869
4033,636             -7,407            -19,829
4039,832             -7,415            -19,794
4046,038             -7,423            -19,749
4052,254             -7,423            -19,747
4058,479             -7,431            -19,706
4064,714             -7,438            -19,667
4070,958             -7,446            -19,627
4077,212             -7,446            -19,625
4083,476             -7,457            -19,571
4089,749             -7,465            -19,530
4096,032             -7,465            -19,523
4102,324             -7,473            -19,486
4108,626             -7,481            -19,444
4114,938             -7,488            -19,401
4121,260             -7,488            -19,399
4127,591             -7,496            -19,359
4133,932             -7,504            -19,318
4140,283             -7,511            -19,275
4146,643             -7,519            -19,237
4153,013             -7,519            -19,232
4159,393             -7,527            -19,189
4165,783             -7,573            -21,654
4172,183             -7,539            -19,119
4178,592             -7,547            -19,078
4185,012             -7,554            -19,027
4191,441             -7,555            -19,023
4197,880             -7,562            -18,992
4204,329             -7,569            -18,948
4210,788             -7,577            -18,905
4217,256             -7,577            -18,900
4223,735             -7,585            -18,860
4230,224             -7,592            -18,818
4236,722             -7,600            -18,773
4243,231             -7,607            -18,730
4249,749             -7,607            -18,722
4256,278             -7,614            -18,670
4262,817             -7,621            -18,647
4269,365             -7,628            -18,602
4275,924             -7,636            -18,558
4282,493             -7,636            -18,553
4289,072             -7,643            -18,513
4295,661             -7,650            -18,466
4302,260             -7,658            -18,424
4308,869             -7,658            -18,418
4315,489             -7,665            -18,373
4322,118             -7,672            -18,331
4328,758             -7,679            -18,286
4335,408             -7,687            -18,243
4342,068             -7,687            -18,238
4348,739             -7,694            -18,048
4355,420             -7,702            -18,144
4362,110             -7,709            -18,101
4368,812             -7,709            -18,092
4375,523             -7,716            -18,049
4382,245             -7,723            -18,007
4388,977             -7,731            -17,961
4395,720             -7,731            -17,956
4402,473             -7,738            -17,912
4409,236             -7,745            -17,866
4416,009             -7,752            -17,822
4422,793             -7,759            -17,776
4429,588             -7,759            -17,769
4436,393             -7,766            -17,719
4443,208             -7,798            -18,577
4450,034             -7,776            -17,660
4456,870             -7,782            -17,611
4463,717             -7,789            -17,569
4470,574             -7,796            -17,520
4477,442             -7,796            -17,515
4484,321             -7,803            -17,473
4491,210             -7,810            -17,427
4498,109             -7,817            -17,382
4505,019             -7,824            -17,331
4511,940             -7,824            -17,326
4518,872             -7,831            -17,280
4525,814             -7,838            -17,237
4532,766             -7,844            -17,184
4539,730             -7,844            -17,181
4546,704             -7,855            -17,110
4553,689             -7,855            -17,102
4560,684             -7,862            -17,054
4567,690             -7,868            -17,008
4574,707             -7,875            -16,961
4581,735             -7,875            -16,955
4588,774             -7,882            -16,910
4595,823             -7,888            -16,861
4602,884             -7,895            -16,815
4609,955             -7,902            -16,768
4617,037             -7,902            -16,761
4624,130             -7,908            -16,715
4631,233             -7,915            -16,665
4638,348             -7,922            -16,617
4645,474             -7,922            -16,611
4652,610             -7,928            -16,565
4659,758             -7,934            -16,521
4666,916             -7,940            -16,470
4674,086             -7,947            -16,425
4681,266             -7,947            -16,414
4688,458             -7,953            -16,374
4695,660             -7,960            -16,324
4702,874             -7,966            -16,295
4710,099             -7,972            -16,227
4717,334             -7,972            -16,218
4724,581             -7,979            -16,180
4731,839             -7,985            -16,120
4739,109             -7,992            -16,075
4746,389             -7,992            -16,066
4753,681             -7,998            -16,019
4760,983             -8,039            -18,662
4768,297             -8,005            -15,948
4775,623             -8,012            -15,907
4782,959             -8,018            -15,857
4790,307             -8,024            -15,809
4797,666             -8,030            -15,760
4805,036             -8,030            -15,754
4812,418             -8,036            -15,703
4819,811             -8,043            -15,656
4827,215             -8,049            -15,607
4834,631             -8,055            -15,555
4842,058             -8,055            -15,548
4849,497             -8,061            -15,495
4856,947             -8,067            -15,450
4864,408             -8,073            -15,397
4871,881             -8,073            -15,392
4879,365             -8,082            -15,319
4886,861             -8,082            -15,316
4894,368             -8,088            -15,264
4901,887             -8,094            -15,158
4909,418             -8,100            -15,164
4916,960             -8,106            -15,116
4924,513             -8,106            -15,111
4932,079             -8,112            -15,060
4939,656             -8,118            -15,008
4947,244             -8,125            -15,023
4954,844             -8,124            -14,935
4962,456             -8,130            -14,900
4970,079             -8,136            -14,850
4977,715             -8,141            -14,799
4985,362             -8,147            -14,748
4993,020             -8,147            -14,741
5000,691             -8,152            -14,710
5008,373             -8,158            -14,647
5016,067             -8,163            -14,599
5023,773             -8,169            -14,546
5031,491             -8,169            -14,539
5039,220             -8,175            -14,489
5046,962             -8,180            -14,435
5054,715             -8,186            -14,383
5062,480             -8,192            -14,335
5070,257             -8,192            -14,326
5078,046             -8,197            -14,275
5085,847             -8,203            -14,227
5093,661             -8,209            -14,174
5101,486             -8,209            -14,167
5109,323             -8,214            -14,115
5117,172             -8,220            -14,059
5125,033             -8,248            -14,217
5132,906             -8,226            -14,000
5140,792             -8,232            -13,943
5148,689             -8,237            -13,890
5156,599             -8,242            -13,838
5164,520             -8,242            -13,831
5172,454             -8,248            -13,784
5180,400             -8,253            -13,729
5188,359             -8,259            -13,676
5196,329             -8,264            -13,625
5204,312             -8,264            -13,617
5212,307             -8,269            -13,567
5220,314             -8,275            -13,513
5228,334             -8,280            -13,458
5236,366             -8,280            -13,451
5244,410             -8,285            -13,396
5252,467             -8,291            -13,347
5260,536             -8,325            -13,716
5268,617             -8,298            -13,263
5276,711             -8,304            -13,211
5284,818             -8,309            -13,161
5292,936             -8,309            -13,146
5301,067             -8,314            -13,099
5309,211             -8,318            -12,941
5317,367             -8,324            -12,994
5325,536             -8,329            -12,940
5333,717             -8,329            -12,931
5341,911             -8,334            -12,881
5350,118             -8,339            -12,826
5358,337             -8,345            -12,769
5366,568             -8,345            -12,763
5374,813             -8,350            -12,724
5383,070             -8,355            -12,658
5391,339             -8,360            -12,602
5399,622             -8,360            -12,595
5407,917             -8,364            -12,548
5416,225             -8,369            -12,491
5424,545             -8,374            -12,438
5432,879             -8,379            -12,386
5441,225             -8,379            -12,381
5449,584             -8,384            -12,326
5457,956             -8,389            -12,271
5466,340             -8,393            -12,217
5474,738             -8,398            -12,166
5483,148             -8,398            -12,157
5491,572             -8,403            -12,104
5500,008             -8,408            -12,053
5508,457             -8,413            -11,995
5516,920             -8,412            -11,989
5525,395             -8,417            -11,932
5533,883             -8,422            -11,877
5542,385             -8,427            -11,822
5550,899             -8,460            -13,840
5559,427             -8,433            -11,737
5567,967             -8,437            -11,692
5576,521             -8,442            -11,638
5585,088             -8,442            -11,630
5593,668             -8,447            -11,575
5602,261             -8,451            -11,524
5610,867             -8,456            -11,469
5619,487             -8,460            -11,413
5628,120             -8,460            -11,405
5636,766             -8,465            -11,351
5645,425             -8,469            -11,293
5654,098             -8,474            -11,240
5662,784             -8,474            -11,230
5671,483             -8,478            -11,177
5680,196             -8,483            -11,121
5688,922             -8,487            -11,063
5697,662             -8,491            -11,011
5706,415             -8,491            -11,001
5715,181             -8,495            -10,958
5723,961             -8,499            -10,904
5732,754             -8,503            -10,848
5741,561             -8,507            -10,794
5750,382             -8,512            -10,737
5759,215             -8,512            -10,729
5768,063             -8,516            -10,674
5776,924             -8,520            -10,620
5785,799             -8,524            -10,566
5794,687             -8,524            -10,558
5803,589             -8,529            -10,503
5812,505             -8,533            -10,448
5821,434             -8,537            -10,384
5830,377             -8,541            -10,333
5839,334             -8,541            -10,325
5848,305             -8,545            -10,269
5857,289             -8,549            -10,211
5866,287             -8,553            -10,155
5875,299             -8,554            -10,147
5884,325             -8,558            -10,086
5893,365             -8,562            -10,027
5902,418             -8,566             -9,973
5911,486             -8,566             -9,963
5920,567             -8,570             -9,908
5929,663             -8,574             -9,851
5938,772             -8,578             -9,799
5947,895             -8,582             -9,740
5957,033             -8,582             -9,731
5966,184             -8,586             -9,674
5975,350             -8,590             -9,614
5984,529             -8,594             -9,559
5993,723             -8,594             -9,554
6002,931             -8,598             -9,489
6012,153             -8,601             -9,436
6021,389             -8,605             -9,381
6030,639             -8,609             -9,323
6039,903             -8,609             -9,315
6049,182             -8,613             -9,257
6058,475             -8,624            -10,724
6067,782             -8,619             -9,163
6077,104             -8,623             -9,106
6086,440             -8,626             -9,047
6095,790             -8,626             -9,042
6105,155             -8,630             -8,985
6114,534             -8,634             -8,930
6123,927             -8,637             -8,871
6133,335             -8,637             -8,860
6142,757             -8,641             -8,803
6152,194             -8,644             -8,746
6161,645             -8,648             -8,688
6171,111             -8,651             -8,633
6180,591             -8,652             -8,622
6190,086             -8,655             -8,569
6199,595             -8,658             -8,508
6209,119             -8,662             -8,450
6218,658             -8,662             -8,439
6228,211             -8,666             -8,383
6237,779             -8,669             -8,323
6247,362             -8,679            -13,122
6256,959             -8,673             -8,234
6266,571             -8,676             -8,194
6276,198             -8,680             -8,139
6285,840             -8,683             -8,077
6295,497             -8,686             -8,019
6305,168             -8,686             -8,014
6314,854             -8,690             -7,953
6324,555             -8,693             -7,898
6334,271             -8,696             -7,842
6344,002             -8,699             -7,780
6353,748             -8,699             -7,774
6363,509             -8,703             -7,714
6373,285             -8,706             -7,652
6383,076             -8,709             -7,595
6392,882             -8,709             -7,589
6402,703             -8,712             -7,531
6412,539             -8,715             -7,470
6422,390             -8,718             -7,413
6432,256             -8,718             -7,403
6442,138             -8,722             -7,342
6452,034             -8,724             -7,300
6461,946             -8,727             -7,247
6471,873             -8,730             -7,180
6481,815             -8,733             -7,127
6491,773             -8,736             -7,070
6501,746             -8,736             -7,063
6511,734             -8,739             -7,001
6521,738             -8,742             -6,945
6531,757             -8,744             -6,889
6541,791             -8,745             -7,033
6551,841             -8,747             -6,821
6561,906             -8,750             -6,758
6571,986             -8,753             -6,697
6582,083             -8,756             -6,643
6592,194             -8,756             -6,632
6602,321             -8,759             -6,564
6612,464             -8,761             -6,514
6622,622             -8,764             -6,454
6632,796             -8,764             -6,445
6642,986             -8,767             -6,386
6653,191             -8,770             -6,324
6663,412             -8,813             -6,595
6673,649             -8,773             -6,239
6683,901             -8,776             -6,185
6694,169             -8,779             -6,127
6704,453             -8,781             -6,066
6714,752             -8,781             -6,059
6725,068             -8,784             -6,000
6735,399             -8,786             -5,939
6745,746             -8,789             -5,882
6756,109             -8,791             -5,819
6766,488             -8,791             -5,813
6776,883             -8,794             -5,753
6787,294             -8,796             -5,693
6797,721             -8,799             -5,635
6808,164             -8,801             -5,570
6818,623             -8,801             -5,563
6829,098             -8,804             -5,503
6839,589             -8,806             -5,444
6850,096             -8,809             -5,382
6860,619             -8,808             -5,369
6871,159             -8,811             -5,311
6881,715             -8,813             -5,252
6892,287             -8,818             -4,321
6902,875             -8,817             -5,138
6913,479             -8,818             -5,131
6924,100             -8,820             -5,069
6934,737             -8,822             -5,012
6945,390             -8,824             -4,953
6956,060             -8,827             -4,892
6966,746             -8,826             -4,884
6977,449             -8,829             -4,823
6988,168             -8,831             -4,763
6998,903             -8,833             -4,702
7009,655             -8,833             -4,694
7020,424             -8,835             -4,630
7031,209             -8,837             -4,573
7042,010             -8,839             -4,512
7052,829             -8,841             -4,456
7063,663             -8,841             -4,441
7074,515             -8,843             -4,381
7085,383             -8,845             -4,321
7096,268             -8,848             -4,260
7107,169             -8,847             -4,248
7118,088             -8,849             -4,188
7129,023             -8,851             -4,128
7139,975             -8,858              0,366
7150,943             -8,855             -4,030
7161,929             -8,856             -3,970
7172,931             -8,858             -3,907
7183,950             -8,858             -3,900
7194,987             -8,860             -3,840
7206,040             -8,862             -3,779
7217,110             -8,863             -3,719
7228,197             -8,865             -3,658
7239,301             -8,865             -3,648
7250,423             -8,867             -3,589
7261,561             -8,869             -3,529
7272,717             -8,871             -3,465
7283,889             -8,872             -3,406
7295,079             -8,872             -3,394
7306,286             -8,874             -3,332
7317,510             -8,876             -3,271
7328,751             -8,877             -3,210
7340,010             -8,877             -3,202
7351,286             -8,879             -3,142
7362,579             -8,880             -3,074
7373,890             -8,882             -3,015
7385,218             -8,882             -3,004
7396,564             -8,883             -2,944
7407,926             -8,885             -2,870
7419,307             -8,887             -2,807
7430,705             -8,886             -2,800
7442,120             -8,888             -2,739
7453,553             -8,889             -2,679
7465,003             -8,891             -2,616
7476,471             -8,892             -2,558
7487,957             -8,892             -2,546
7499,460             -8,893             -2,489
7510,981             -8,895             -2,425
7522,520             -8,896             -2,367
7534,076             -8,896             -2,350
7545,650             -8,897             -2,293
7557,242             -8,899             -2,230
7568,852             -8,900             -2,170
7580,479             -8,901             -2,108
7592,125             -8,901             -2,098
7603,788             -8,902             -2,036
7615,469             -8,903             -1,976
7627,168             -8,904             -1,911
7638,885             -8,906             -1,850
7650,621             -8,905             -1,837
7662,374             -8,907             -1,774
7674,145             -8,908             -1,712
7685,934             -8,876              1,369
7697,742             -8,921              2,979
7709,567             -8,910             -1,580
7721,411             -8,911             -1,520
7733,273             -8,912             -1,458
7745,153             -8,912             -1,485
7757,051             -8,913             -1,526
7768,968             -8,913             -1,231
7780,903             -8,915             -1,265
7792,856             -8,915             -1,204
7804,828             -8,915             -1,192
7816,818             -8,916             -0,719
7828,826             -8,917             -1,069
7840,853             -8,917             -1,334
7852,899             -8,919             -0,947
7864,963             -8,919             -0,936
7877,045             -8,920             -0,927
7889,146             -8,920             -0,811
7901,266             -8,921             -0,752
7913,404             -8,921             -0,827
7925,561             -8,922             -0,659
7937,736             -8,922             -1,039
7949,930             -8,923             -0,549
7962,143             -8,923             -0,484
7974,375             -8,923             -0,470
7986,626             -8,924             -0,414
7998,895             -8,919             -2,075
8011,183             -8,925             -0,300
8023,490             -8,925             -0,237
8035,816             -8,925             -0,222
8048,161             -8,926             -0,164
8060,525             -8,926             -0,105
8072,908             -8,927             -0,044
8085,310             -8,927              0,019
8097,731             -8,927              0,032
8110,171             -8,927              0,090
8122,630             -8,928              0,157
8135,108             -8,928              0,214
8147,606             -8,928              0,277
8160,122             -8,928              0,287
8172,658             -8,929              0,351
8185,213             -8,929              0,412
8197,788             -8,929              0,473
8210,381             -8,929              0,541
8222,994             -8,929              0,545
8235,627             -8,930              0,614
8248,279             -8,930              0,675
8260,950             -8,930              0,736
8273,641             -8,930              0,749
8286,351             -8,930              0,810
8299,081             -8,930              0,877
8311,830             -8,930              0,935
8324,599             -8,930              0,951
8337,388             -8,930              1,049
8350,196             -8,930              1,058
8363,024             -8,930              1,124
8375,871             -8,930              1,187
8388,739             -8,930              1,244
8401,626             -8,930              1,307
8414,533             -8,930              1,318
8427,459             -8,930              1,382
8440,406             -8,930              1,442
8453,372             -8,930              1,504
8466,359             -8,930              1,515
8479,365             -8,929              1,576
8492,391             -8,929              1,642
8505,438             -8,929              1,702
8518,504             -8,929              1,761
8531,590             -8,929              1,775
8544,697             -8,928              1,837
8557,824             -8,928              1,897
8570,970             -8,928              1,960
8584,137             -8,927              2,023
8597,325             -8,928              2,035
8610,532             -8,927              2,098
8623,760             -8,927              2,159
8637,008             -8,926              2,224
8650,277             -8,926              2,234
8663,565             -8,926              2,298
8676,875             -8,925              2,363
8690,204             -8,912              4,137
8703,555             -8,924              2,471
8716,925             -8,924              2,534
8730,317             -8,924              2,545
8743,728             -8,923              2,609
8757,161             -8,922              2,665
8770,614             -8,922              2,733
8784,088             -8,921              2,788
8797,582             -8,921              2,806
8811,097             -8,921              2,862
8824,633             -8,920              2,922
8838,190             -8,919              2,989
8851,767             -8,919              2,998
8865,366             -8,919              3,064
8878,985             -8,918              3,125
8892,625             -8,917              3,185
8906,287             -8,916              3,246
8919,969             -8,916              3,257
8933,672             -8,915              3,322
8947,396             -8,914              3,388
8961,141             -8,913              3,444
8974,908             -8,912              3,507
8988,695             -8,912              3,520
9002,504             -8,912              3,581
9016,334             -8,910              3,647
9030,185             -8,909              3,709
9044,058             -8,909              3,720
9057,952             -8,908              3,783
9071,867             -8,907              3,847
9085,803             -8,875             -3,037
9099,761             -8,905              3,963
9113,741             -8,904              4,023
9127,741             -8,904              4,036
9141,764             -8,903              4,097
9155,808             -8,902              4,156
9169,873             -8,901              4,218
9183,960             -8,901              4,237
9198,069             -8,900              4,290
9212,199             -8,898              4,294
9226,351             -8,897              4,413
9240,525             -8,896              4,475
9254,721             -8,896              4,488
9268,938             -8,895              4,548
9283,178             -8,893              4,611
9297,439             -8,892              4,673
9311,722             -8,890              4,734
9326,027             -8,890              4,750
9340,354             -8,889              4,804
9354,703             -8,887              4,869
9369,074             -8,886              4,934
9383,467             -8,885              4,995
9397,882             -8,884              5,006
9412,320             -8,883              5,067
9426,779             -8,881              5,131
9441,261             -8,880              5,196
9455,765             -8,880              5,211
9470,291             -8,878              5,270
9484,840             -8,876              5,330
9499,411             -8,875              5,397
9514,004             -8,875              5,403
9528,620             -8,877              3,263
9543,258             -8,871              5,526
9557,919             -8,869              5,590
9572,602             -8,868              5,651
9587,308             -8,868              5,662
9602,036             -8,866              5,722
9616,787             -8,861              5,637
9631,561             -8,863              5,843
9646,357             -8,861              5,901
9661,176             -8,861              5,914
9676,018             -8,859              5,978
9690,883             -8,857              6,038
9705,770             -8,855              6,328
9720,680             -8,853              6,160
9735,614             -8,853              6,174
9750,570             -8,851              6,235
9765,549             -8,849              6,297
9780,551             -8,847              6,357
9795,576             -8,848              6,884
9810,625             -8,845              5,996
9825,696             -8,843              6,492
9840,791             -8,841              6,554
9855,908             -8,839              6,616
9871,049             -8,839              6,629
9886,214             -8,837              6,688
9901,401             -8,835              6,683
9916,612             -8,832              6,812
9931,846             -8,830              6,871
9947,104             -8,830              6,888
9962,385             -8,827              6,946
9977,690             -8,825              7,011
9993,018             -8,899              5,048
10008,369             -8,822              7,105
10023,745             -8,820              7,158
10039,144             -8,817              7,218
10054,566             -8,815              7,281
10070,012             -8,815              7,293
10085,482             -8,813              7,353
10100,976             -8,810              7,411
10116,493             -8,808              7,471
10132,035             -8,805              7,532
10147,600             -8,805              7,544
10163,189             -8,803              7,605
10178,802             -8,801              7,667
10194,439             -8,798              7,725
10210,100             -8,795              7,784
10225,785             -8,795              7,800
10241,494             -8,793              7,857
10257,228             -8,790              7,916
10272,985             -8,787              7,978
10288,767             -8,788              7,992
10304,573             -8,785              8,052
10320,403             -8,782              8,113
10336,258             -8,779              8,171
10352,137             -8,777              8,233
10368,040             -8,777              8,246
10383,968             -8,774              8,304
10399,920             -8,771              8,367
10415,897             -8,768              8,427
10431,898             -8,768              8,441
10447,924             -8,765              8,502
10463,974             -8,762              8,559
10480,049             -8,759              8,622
10496,149             -8,756              8,680
10512,274             -8,756              8,695
10528,423             -8,754              8,747
10544,597             -8,751              8,803
10560,796             -8,748              8,861
10577,020             -8,745              8,915
10593,269             -8,742              8,976
10609,543             -8,742              8,992
10625,841             -8,739              9,051
10642,165             -8,736              9,105
10658,514             -8,733              9,169
10674,888             -8,730              9,228
10691,287             -8,730              9,236
10707,712             -8,727              9,299
10724,161             -8,724              9,355
10740,636             -8,720              9,413
10757,136             -8,717              9,474
10773,662             -8,717              9,489
10790,212             -8,713              9,549
10806,789             -8,710              9,603
10823,391             -8,707              9,663
10840,018             -8,707              9,677
10856,671             -8,704              9,737
10873,349             -8,700              9,793
10890,053             -8,697              9,858
10906,783             -8,693              9,912
10923,538             -8,693              9,928
10940,319             -8,690              9,986
10957,126             -8,686             10,045
10973,959             -8,683             10,104
10990,817             -8,679             10,163
11007,702             -8,679             10,176
11024,612             -8,676             10,234
11041,549             -8,672             10,295
11058,511             -8,668             10,353
11075,500             -8,668             10,369
11092,514             -8,665             10,424
11109,555             -8,651             18,692
11126,622             -8,660             10,518
11143,715             -8,656             10,575
11160,834             -8,652             10,632
11177,980             -8,649             10,692
11195,152             -8,645             10,744
11212,350             -8,645             10,761
11229,575             -8,642             10,815
11246,827             -8,638             10,873
11264,104             -8,634             10,932
11281,409             -8,630             10,855
11298,739             -8,630             10,915
11316,097             -8,627             11,058
11333,481             -8,623             11,118
11350,892             -8,619             11,173
11368,330             -8,615             11,228
11385,794             -8,615             11,245
11403,285             -8,611             11,306
11420,804             -8,607             11,356
11438,349             -8,603             11,418
11455,921             -8,599             11,474
11473,520             -8,599             11,490
11491,146             -8,595             11,543
11508,799             -8,591             11,598
11526,479             -8,587             11,659
11544,186             -8,587             11,672
11561,921             -8,583             11,727
11579,683             -8,579             11,786
11597,472             -8,574             11,844
11615,288             -8,570             11,898
11633,132             -8,570             11,917
11651,003             -8,566             11,973
11668,902             -8,561             12,029
11686,828             -8,557             12,085
11704,782             -8,557             12,104
11722,763             -8,553             12,158
11740,772             -8,548             12,217
11758,809             -8,563             10,769
11776,873             -8,543             12,298
11794,965             -8,539             12,353
11813,085             -8,535             12,407
11831,233             -8,530             12,457
11849,408             -8,526             12,515
11867,612             -8,526             12,528
11885,843             -8,522             12,586
11904,103             -8,517             12,253
11922,390             -8,513             12,692
11940,706             -8,508             12,749
11959,049             -8,508             12,763
11977,421             -8,504             12,816
11995,822             -8,499             12,871
12014,250             -8,495             12,925
12032,707             -8,490             12,979
12051,192             -8,490             12,995
12069,705             -8,486             13,050
12088,247             -8,481             13,106
12106,817             -8,476             13,158
12125,416             -8,472             13,214
12144,044             -8,472             13,230
12162,700             -8,467             13,283
12181,385             -8,462             13,338
12200,098             -8,457             13,394
12218,840             -8,457             13,410
12237,612             -8,452             13,463
12256,411             -8,448             13,517
12275,240             -8,443             13,571
12294,098             -8,438             13,624
12312,984             -8,438             13,642
12331,900             -8,433             13,696
12350,845             -8,428             13,749
12369,819             -8,423             13,804
12388,822             -8,418             13,860
12407,854             -8,418             13,874
12426,915             -8,413             13,930
12446,006             -8,408             13,986
12465,126             -8,403             14,037
12484,275             -8,403             14,056
12503,454             -8,396             14,125
12522,662             -8,391             14,172
12541,900             -8,391             14,186
12561,167             -8,386             14,239
12580,464             -8,381             14,298
12599,791             -8,376             14,342
12619,147             -8,371             14,394
12638,533             -8,366             14,445
12657,949             -8,366             14,463
12677,394             -8,361             14,517
12696,870             -8,348             14,925
12716,375             -8,351             14,620
12735,910             -8,346             14,671
12755,476             -8,346             14,687
12775,071             -8,341             14,741
12794,697             -8,335             14,791
12814,352             -8,327             14,293
12834,038             -8,325             14,892
12853,754             -8,325             14,912
12873,501             -8,320             14,959
12893,277             -8,314             15,011
12913,085             -8,309             15,064
12932,922             -8,303             15,115
12952,790             -8,303             15,131
12972,689             -8,298             15,186
12992,618             -8,293             15,236
13012,577             -8,287             15,284
13032,568             -8,287             15,304
13052,589             -8,282             15,352
13072,641             -8,276             15,404
13092,723             -8,270             15,457
13112,837             -8,265             15,507
13132,981             -8,265             15,525
13153,157             -8,259             15,576
13173,363             -8,254             15,624
13193,600             -8,248             15,680
13213,869             -8,248             15,699
13234,169             -8,242             15,751
13254,499             -8,236             15,800
13274,861             -8,230             15,849
13295,255             -8,225             15,901
13315,679             -8,225             15,918
13336,135             -8,220             15,958
13356,623             -8,215             16,006
13377,142             -8,209             16,054
13397,692             -8,204             16,103
13418,274             -8,198             16,153
13438,888             -8,198             16,171
13459,533             -8,193             16,216
13480,210             -8,187             16,268
13500,919             -8,181             16,314
13521,660             -8,175             16,361
13542,432             -8,170             16,409
13563,236             -8,170             16,428
13584,073             -8,164             16,478
13604,941             -8,158             16,527
13625,841             -8,152             16,573
13646,774             -8,146             16,622
13667,739             -8,146             16,641
13688,735             -8,141             16,688
13709,765             -8,135             16,735
13730,826             -8,129             16,785
13751,920             -8,123             16,833
13773,046             -8,123             16,848
13794,205             -8,117             16,901
13815,396             -8,111             16,947
13836,619             -8,105             16,993
13857,876             -8,098             17,044
13879,165             -8,099             17,062
13900,486             -8,092             17,110
13921,841             -8,086             17,153
13943,228             -8,080             17,202
13964,648             -8,074             17,251
13986,101             -8,074             17,273
14007,587             -8,067             17,320
14029,106             -8,061             17,363
14050,658             -8,055             17,411
14072,243             -8,055             17,436
14093,861             -8,048             17,480
14115,513             -8,042             17,526
14137,198             -8,036             17,573
14158,916             -8,029             17,622
14180,667             -8,029             17,637
14202,452             -8,023             17,687
14224,270             -8,016             17,734
14246,122             -8,010             17,780
14268,008             -8,010             17,800
14289,927             -8,000             17,859
14311,879             -7,994             17,902
14333,866             -7,994             17,924
14355,886             -7,988             17,966
14377,940             -7,982             18,014
14400,028             -7,975             18,056
14422,150             -7,969             18,100
14444,305             -7,969             18,121
14466,495             -7,963             18,166
14488,719             -7,957             18,209
14510,977             -7,950             18,255
14533,270             -7,944             18,294
14555,596             -7,937             18,341
14577,957             -7,937             18,363
14600,352             -7,931             18,406
14622,782             -7,924             18,446
14645,246             -7,918             18,493
14667,744             -7,911             18,536
14690,277             -7,911             18,556
14712,845             -7,905             18,603
14735,447             -7,898             18,642
14758,085             -7,892             18,687
14780,756             -7,885             18,733
14803,463             -7,885             18,753
14826,205             -7,878             18,800
14848,981             -7,872             18,840
14871,793             -7,865             18,882
14894,639             -7,858             18,924
14917,521             -7,858             18,947
14940,438             -7,851             18,990
14963,390             -7,844             19,033
14986,377             -7,837             19,075
