18-5-2026	12:48
Amplitude: 2,00 V
Freq  (Hz) 	 Gain (dB)  	 Phase (deg)
2000,000             -4,133            -28,634
2003,072             -4,136            -28,673
2006,150             -4,136            -28,670
2009,232             -4,144            -28,691
2012,318             -4,152            -28,722
2015,410             -4,160            -28,738
2018,506             -4,153            -28,630
2021,607             -4,170            -28,792
2024,712             -4,178            -28,795
2027,823             -4,186            -28,817
2030,938             -4,194            -28,840
2034,058             -4,194            -28,838
2037,183             -4,202            -28,863
2040,312             -4,240            -30,262
2043,447             -4,212            -28,904
2046,586             -4,219            -28,913
2049,730             -4,227            -28,936
2052,879             -4,236            -28,960
2056,033             -4,244            -28,990
2059,191             -4,244            -28,981
2062,355             -4,254            -29,013
2065,523             -4,262            -29,033
2068,696             -4,262            -29,034
2071,874             -4,270            -29,055
2075,057             -4,278            -29,080
2078,245             -4,287            -29,102
2081,437             -4,311            -29,563
2084,635             -4,297            -29,130
2087,837             -4,305            -29,152
2091,045             -4,314            -29,180
2094,257             -4,314            -29,172
2097,474             -4,322            -29,198
2100,697             -4,330            -29,217
2103,924             -4,363            -29,645
2107,156             -4,341            -29,247
2110,393             -4,349            -29,288
2113,635             -4,358            -29,294
2116,882             -4,358            -29,289
2120,134             -4,366            -29,314
2123,391             -4,375            -29,337
2126,653             -4,405            -29,910
2129,920             -4,386            -29,368
2133,192             -4,395            -29,390
2136,469             -4,403            -29,409
2139,751             -4,403            -29,404
2143,039             -4,412            -29,431
2146,331             -4,420            -29,450
2149,628             -4,444            -30,044
2152,930             -4,432            -29,483
2156,238             -4,441            -29,504
2159,550             -4,449            -29,526
2162,868             -4,449            -29,527
2166,191             -4,457            -29,552
2169,518             -4,466            -29,569
2172,851             -4,485            -29,644
2176,189             -4,479            -29,597
2179,532             -4,487            -29,617
2182,881             -4,496            -29,644
2186,234             -4,496            -29,642
2189,593             -4,504            -29,664
2192,956             -4,513            -29,686
2196,325             -4,498            -29,185
2199,699             -4,527            -29,715
2203,079             -4,535            -29,737
2206,463             -4,535            -29,732
2209,853             -4,544            -29,756
2213,248             -4,552            -29,783
2216,648             -4,561            -29,799
2220,053             -4,580            -29,853
2223,463             -4,575            -29,829
2226,879             -4,575            -29,832
2230,300             -4,584            -29,851
2233,726             -4,592            -29,873
2237,158             -4,601            -29,890
2240,595             -4,610            -29,910
2244,037             -4,610            -29,909
2247,484             -4,616            -29,923
2250,937             -4,625            -29,941
2254,395             -4,633            -29,963
2257,858             -4,642            -29,986
2261,327             -4,642            -29,984
2264,801             -4,651            -30,002
2268,280             -4,660            -30,027
2271,765             -4,710            -31,590
2275,255             -4,675            -30,062
2278,750             -4,684            -30,082
2282,251             -4,684            -30,074
2285,757             -4,693            -30,098
2289,268             -4,701            -30,116
2292,785             -4,710            -30,140
2296,307             -4,710            -30,137
2299,835             -4,717            -30,160
2303,368             -4,726            -30,170
2306,907             -4,735            -30,189
2310,450             -4,744            -30,214
2314,000             -4,744            -30,207
2317,555             -4,753            -30,231
2321,115             -4,762            -30,255
2324,681             -4,728            -28,706
2328,252             -4,779            -30,286
2331,829             -4,779            -30,282
2335,411             -4,788            -30,301
2338,999             -4,797            -30,318
2342,592             -4,806            -30,340
2346,191             -4,815            -30,359
2349,795             -4,815            -30,356
2353,405             -4,819            -30,597
2357,020             -4,832            -30,398
2360,641             -4,841            -30,417
2364,268             -4,841            -30,413
2367,900             -4,851            -30,545
2371,537             -4,858            -30,437
2375,181             -4,868            -30,489
2378,830             -4,881            -29,936
2382,484             -4,843            -27,628
2386,144             -4,887            -30,509
2389,810             -4,895            -30,445
2393,481             -4,905            -30,800
2397,158             -4,912            -30,575
2400,841             -4,913            -30,391
2404,529             -4,923            -30,582
2408,223             -4,950            -31,376
2411,922             -4,933            -30,623
2415,628             -4,942            -30,613
2419,339             -4,952            -30,630
2423,055             -4,961            -30,644
2426,778             -4,961            -30,641
2430,506             -4,970            -30,673
2434,240             -4,980            -30,681
2437,979             -4,967            -29,188
2441,725             -4,990            -30,710
2445,476             -4,999            -30,718
2449,232             -5,008            -30,739
2452,995             -5,018            -30,754
2456,763             -5,018            -30,754
2460,538             -5,027            -30,770
2464,318             -5,036            -30,785
2468,103             -5,017            -30,094
2471,895             -5,048            -30,809
2475,692             -5,057            -30,814
2479,496             -5,067            -30,842
2483,305             -5,076            -30,860
2487,120             -5,076            -30,857
2490,940             -5,085            -30,873
2494,767             -5,095            -30,894
2498,600             -5,051            -30,064
2502,438             -5,107            -30,912
2506,282             -5,116            -30,930
2510,133             -5,126            -30,947
2513,989             -5,126            -30,943
2517,851             -5,135            -30,960
2521,719             -5,145            -30,976
2525,593             -5,154            -30,993
2529,473             -5,169            -30,593
2533,359             -5,167            -31,018
2537,250             -5,177            -31,033
2541,148             -5,177            -31,028
2545,052             -5,186            -31,049
2548,962             -5,195            -31,065
2552,878             -5,205            -31,082
2556,799             -5,215            -31,097
2560,727             -5,214            -31,093
2564,661             -5,229            -31,120
2568,601             -5,228            -31,114
2572,547             -5,238            -31,133
2576,499             -5,248            -31,147
2580,457             -5,257            -31,163
2584,421             -5,257            -31,160
2588,392             -5,267            -31,177
2592,368             -5,276            -31,193
2596,351             -5,306            -32,058
2600,339             -5,291            -31,219
2604,334             -5,301            -31,235
2608,335             -5,311            -31,250
2612,342             -5,311            -31,248
2616,355             -5,320            -31,265
2620,374             -5,330            -31,275
2624,400             -5,339            -31,295
2628,431             -5,340            -31,292
2632,469             -5,355            -31,318
2636,513             -5,356            -31,315
2640,564             -5,365            -31,327
2644,620             -5,375            -31,337
2648,683             -5,385            -31,363
2652,752             -5,385            -31,355
2656,827             -5,394            -31,371
2660,909             -5,404            -31,391
2664,997             -5,444            -31,802
2669,091             -5,421            -31,413
2673,191             -5,421            -31,409
2677,298             -5,431            -31,422
2681,411             -5,440            -31,436
2685,530             -5,450            -31,444
2689,656             -5,460            -31,472
2693,787             -5,460            -31,464
2697,926             -5,470            -31,479
2702,070             -5,471            -30,280
2706,221             -5,488            -31,504
2710,379             -5,498            -31,522
2714,543             -5,498            -31,522
2718,713             -5,507            -31,532
2722,889             -5,517            -31,544
2727,072             -5,527            -31,562
2731,262             -5,527            -31,557
2735,458             -5,537            -31,571
2739,660             -5,548            -32,360
2743,869             -5,556            -31,598
2748,084             -5,566            -31,615
2752,306             -5,566            -31,611
2756,534             -5,576            -31,622
2760,769             -5,586            -31,638
2765,010             -5,596            -31,649
2769,257             -5,596            -31,645
2773,512             -5,606            -31,672
2777,772             -5,650            -33,601
2782,040             -5,626            -31,686
2786,314             -5,636            -31,705
2790,594             -5,636            -31,699
2794,881             -5,646            -31,712
2799,175             -5,656            -31,727
2803,475             -5,666            -31,739
2807,782             -5,666            -31,734
2812,095             -5,676            -31,750
2816,415             -5,667            -31,127
2820,742             -5,698            -31,780
2825,075             -5,698            -31,775
2829,415             -5,708            -31,785
2833,762             -5,718            -31,801
2838,115             -5,728            -31,814
2842,475             -5,728            -31,811
2846,842             -5,738            -31,818
2851,215             -5,748            -31,835
2855,595             -5,795            -33,894
2859,982             -5,761            -31,845
2864,376             -5,771            -31,863
2868,776             -5,781            -31,872
2873,183             -5,791            -31,887
2877,597             -5,791            -31,881
2882,018             -5,801            -31,892
2886,445             -5,811            -31,909
2890,880             -5,822            -31,921
2895,321             -5,822            -31,917
2899,769             -5,836            -31,935
2904,223             -5,846            -31,946
2908,685             -5,846            -31,940
2913,153             -5,856            -31,954
2917,629             -5,866            -31,967
2922,111             -5,877            -31,978
2926,600             -5,887            -31,990
2931,096             -5,887            -31,988
2935,599             -5,897            -31,995
2940,108             -5,963            -33,774
2944,625             -5,912            -32,013
2949,149             -5,923            -32,023
2953,679             -5,933            -32,046
2958,217             -5,933            -32,028
2962,761             -5,944            -32,043
2967,313             -5,954            -32,053
2971,871             -5,964            -32,071
2976,437             -5,975            -32,079
2981,009             -5,975            -32,075
2985,589             -5,991            -32,095
2990,175             -5,991            -32,092
2994,769             -6,002            -32,102
2999,370             -6,012            -32,109
3003,977             -6,022            -32,124
3008,592             -6,022            -32,120
3013,214             -6,033            -32,134
3017,843             -6,043            -32,141
3022,479             -6,054            -32,149
3027,122             -6,054            -32,147
3031,773             -6,072            -32,170
3036,430             -6,072            -32,167
3041,095             -6,082            -32,179
3045,767             -6,093            -32,187
3050,446             -6,103            -32,198
3055,132             -6,103            -32,195
3059,826             -6,114            -32,207
3064,526             -6,124            -32,215
3069,234             -6,135            -32,226
3073,949             -6,117            -31,933
3078,671             -6,144            -32,231
3083,401             -6,155            -32,241
3088,138             -6,165            -32,250
3092,882             -6,176            -32,259
3097,633             -6,186            -32,268
3102,392             -6,186            -32,264
3107,158             -6,197            -32,273
3111,931             -6,208            -32,285
3116,712             -6,219            -32,294
3121,500             -6,218            -32,291
3126,295             -6,227            -30,453
3131,098             -6,239            -32,310
3135,908             -6,250            -32,323
3140,726             -6,261            -32,327
3145,551             -6,261            -32,324
3150,383             -6,272            -32,322
3155,223             -6,283            -32,341
3160,070             -6,293            -32,374
3164,924             -6,293            -32,318
3169,786             -6,304            -32,359
3174,656             -6,316            -31,992
3179,533             -6,326            -32,376
3184,417             -6,337            -32,389
3189,309             -6,337            -32,379
3194,209             -6,348            -32,393
3199,116             -6,359            -32,528
3204,031             -6,370            -32,408
3208,953             -6,370            -32,406
3213,883             -6,381            -32,425
3218,820             -6,392            -32,422
3223,765             -6,466            -34,115
3228,717             -6,405            -32,418
3233,677             -6,416            -32,438
3238,645             -6,427            -32,447
3243,620             -6,438            -32,454
3248,603             -6,438            -32,452
3253,594             -6,449            -32,456
3258,592             -6,460            -32,469
3263,598             -6,471            -32,478
3268,612             -6,471            -32,470
3273,633             -6,483            -32,482
3278,662             -6,486            -32,654
3283,699             -6,497            -32,489
3288,743             -6,509            -32,493
3293,796             -6,520            -32,502
3298,856             -6,531            -32,505
3303,924             -6,542            -32,518
3308,999             -6,542            -32,514
3314,083             -6,553            -32,523
3319,174             -6,565            -32,530
3324,273             -6,576            -32,541
3329,380             -6,576            -32,536
3334,494             -6,592            -32,545
3339,617             -6,592            -32,544
3344,747             -6,604            -32,552
3349,886             -6,615            -32,556
3355,032             -6,627            -32,565
3360,186             -6,638            -32,570
3365,348             -6,638            -32,567
3370,518             -6,649            -32,575
3375,696             -6,661            -32,585
3380,882             -6,672            -32,590
3386,076             -6,672            -32,588
3391,278             -6,691            -32,599
3396,487             -6,690            -32,593
3401,705             -6,702            -32,601
3406,931             -6,713            -32,608
3412,165             -6,725            -32,617
3417,407             -6,725            -32,611
3422,657             -6,736            -32,616
3427,915             -6,748            -32,623
3433,181             -6,760            -32,631
3438,455             -6,771            -32,635
3443,737             -6,771            -32,633
3449,028             -6,780            -32,638
3454,326             -6,792            -32,643
3459,633             -6,803            -32,647
3464,948             -6,815            -32,655
3470,271             -6,815            -32,651
3475,602             -6,827            -32,652
3480,941             -6,838            -32,664
3486,289             -6,850            -32,669
3491,644             -6,862            -32,673
3497,008             -6,862            -32,670
3502,381             -6,874            -32,677
3507,761             -6,910            -33,395
3513,150             -6,896            -32,688
3518,547             -6,897            -32,682
3523,952             -6,908            -32,687
3529,366             -6,920            -32,695
3534,788             -6,932            -32,702
3540,218             -6,944            -32,707
3545,657             -6,944            -32,700
3551,103             -6,956            -32,629
3556,559             -6,968            -32,711
3562,023             -6,980            -32,714
3567,495             -6,980            -32,713
3572,975             -6,995            -32,580
3578,464             -7,005            -32,721
3583,961             -7,017            -32,728
3589,467             -7,017            -32,722
3594,982             -7,029            -32,729
3600,504             -7,041            -32,729
3606,035             -7,053            -32,738
3611,575             -7,066            -32,738
3617,123             -7,065            -32,722
3622,680             -7,078            -32,742
3628,245             -7,090            -32,744
3633,819             -7,086            -32,084
3639,402             -7,106            -32,749
3644,993             -7,118            -32,750
3650,592             -7,130            -32,757
3656,200             -7,142            -32,760
3661,817             -7,142            -32,755
3667,443             -7,155            -32,761
3673,077             -7,167            -32,763
3678,719             -7,179            -32,766
3684,371             -7,179            -32,759
3690,031             -7,192            -32,766
3695,700             -7,204            -32,768
3701,377             -7,170            -30,279
3707,063             -7,222            -32,769
3712,758             -7,235            -32,774
3718,462             -7,247            -32,775
3724,174             -7,247            -32,775
3729,895             -7,260            -32,780
3735,625             -7,272            -32,779
3741,364             -7,285            -32,781
3747,112             -7,285            -32,775
3752,868             -7,297            -32,778
3758,634             -7,310            -32,780
3764,408             -7,323            -32,783
3770,191             -7,340            -32,742
3775,983             -7,344            -32,785
3781,783             -7,344            -32,780
3787,593             -7,357            -32,788
3793,412             -7,369            -32,785
3799,239             -7,382            -32,785
3805,076             -7,395            -32,787
3810,921             -7,395            -32,780
3816,776             -7,408            -32,783
3822,639             -7,421            -32,784
3828,512             -7,434            -32,785
3834,393             -7,434            -32,777
3840,284             -7,447            -32,780
3846,183             -7,457            -32,762
3852,092             -7,470            -32,781
3858,010             -7,483            -32,782
3863,937             -7,496            -32,806
3869,873             -7,496            -32,802
3875,818             -7,509            -32,782
3881,772             -7,523            -32,779
3887,735             -7,536            -32,780
3893,708             -7,536            -32,773
3899,689             -7,549            -32,773
3905,680             -7,563            -32,776
3911,680             -7,576            -32,775
3917,689             -7,627            -32,613
3923,708             -7,552            -32,698
3929,736             -7,603            -32,769
3935,773             -7,617            -32,824
3941,819             -7,629            -32,766
3947,874             -7,629            -32,763
3953,939             -7,642            -32,737
3960,013             -7,645            -33,008
3966,097             -7,671            -32,800
3972,190             -7,671            -32,795
3978,292             -7,684            -32,750
3984,404             -7,698            -32,791
3990,525             -7,711            -32,751
3996,655             -7,683            -29,983
4002,795             -7,727            -32,740
4008,944             -7,741            -32,740
4015,103             -7,755            -32,739
4021,271             -7,755            -32,732
4027,448             -7,768            -32,732
4033,636             -7,782            -32,725
4039,832             -7,796            -32,724
4046,038             -7,810            -32,720
4052,254             -7,810            -32,716
4058,479             -7,824            -32,715
4064,714             -7,838            -32,709
4070,958             -7,852            -32,704
4077,212             -7,852            -32,705
4083,476             -7,872            -32,697
4089,749             -7,886            -32,694
4096,032             -7,886            -32,688
4102,324             -7,900            -32,683
4108,626             -7,914            -32,682
4114,938             -7,928            -32,679
4121,260             -7,928            -32,671
4127,591             -7,942            -32,667
4133,932             -7,956            -32,663
4140,283             -7,971            -32,656
4146,643             -7,985            -32,650
4153,013             -7,985            -32,646
4159,393             -8,000            -32,639
4165,783             -7,983            -32,333
4172,183             -8,024            -32,628
4178,592             -8,038            -32,621
4185,012             -8,052            -32,620
4191,441             -8,052            -32,608
4197,880             -8,067            -32,605
4204,329             -8,081            -32,597
4210,788             -8,096            -32,588
4217,256             -8,096            -32,583
4223,735             -8,110            -32,577
4230,224             -8,125            -32,566
4236,722             -8,140            -32,562
4243,231             -8,155            -32,555
4249,749             -8,155            -32,547
4256,278             -8,168            -32,531
4262,817             -8,183            -32,532
4269,365             -8,197            -32,522
4275,924             -8,212            -32,513
4282,493             -8,212            -32,506
4289,072             -8,227            -32,500
4295,661             -8,242            -32,491
4302,260             -8,257            -32,480
4308,869             -8,257            -32,477
4315,489             -8,272            -32,465
4322,118             -8,288            -32,452
4328,758             -8,303            -32,444
4335,408             -8,318            -32,436
4342,068             -8,318            -32,430
4348,739             -8,334            -32,389
4355,420             -8,351            -32,407
4362,110             -8,366            -32,393
4368,812             -8,366            -32,385
4375,523             -8,381            -32,373
4382,245             -8,396            -32,362
4388,977             -8,411            -32,350
4395,720             -8,411            -32,347
4402,473             -8,427            -32,332
4409,236             -8,443            -32,318
4416,009             -8,458            -32,304
4422,793             -8,474            -32,291
4429,588             -8,474            -32,284
4436,393             -8,490            -32,272
4443,208             -8,484            -32,719
4450,034             -8,511            -32,248
4456,870             -8,527            -32,232
4463,717             -8,542            -32,216
4470,574             -8,558            -32,203
4477,442             -8,558            -32,195
4484,321             -8,574            -32,183
4491,210             -8,590            -32,164
4498,109             -8,606            -32,152
4505,019             -8,621            -32,131
4511,940             -8,622            -32,127
4518,872             -8,638            -32,108
4525,814             -8,654            -32,090
4532,766             -8,670            -32,073
4539,730             -8,670            -32,065
4546,704             -8,696            -32,043
4553,689             -8,696            -32,035
4560,684             -8,712            -32,014
4567,690             -8,729            -31,997
4574,707             -8,745            -31,976
4581,735             -8,745            -31,972
4588,774             -8,761            -31,949
4595,823             -8,777            -31,928
4602,884             -8,793            -31,910
4609,955             -8,810            -31,891
4617,037             -8,810            -31,881
4624,130             -8,827            -31,863
4631,233             -8,843            -31,839
4638,348             -8,860            -31,813
4645,474             -8,860            -31,808
4652,610             -8,875            -31,790
4659,758             -8,892            -31,768
4666,916             -8,908            -31,743
4674,086             -8,925            -31,722
4681,266             -8,925            -31,713
4688,458             -8,942            -31,687
4695,660             -8,958            -31,665
4702,874             -8,975            -31,655
4710,099             -8,992            -31,614
4717,334             -8,992            -31,609
4724,581             -9,009            -31,592
4731,839             -9,026            -31,553
4739,109             -9,043            -31,524
4746,389             -9,043            -31,516
4753,681             -9,060            -31,491
4760,983             -9,084            -29,389
4768,297             -9,081            -31,456
4775,623             -9,097            -31,425
4782,959             -9,114            -31,395
4790,307             -9,131            -31,367
4797,666             -9,148            -31,337
4805,036             -9,148            -31,330
4812,418             -9,166            -31,299
4819,811             -9,183            -31,269
4827,215             -9,200            -31,240
4834,631             -9,217            -31,203
4842,058             -9,217            -31,196
4849,497             -9,235            -31,170
4856,947             -9,252            -31,134
4864,408             -9,270            -31,101
4871,881             -9,270            -31,096
4879,365             -9,296            -31,049
4886,861             -9,296            -31,039
4894,368             -9,313            -31,008
4901,887             -9,329            -30,876
4909,418             -9,348            -30,936
4916,960             -9,365            -30,897
4924,513             -9,366            -30,894
4932,079             -9,383            -30,854
4939,656             -9,401            -30,820
4947,244             -9,419            -30,795
4954,844             -9,418            -30,738
4962,456             -9,436            -30,735
4970,079             -9,454            -30,695
4977,715             -9,472            -30,656
4985,362             -9,490            -30,616
4993,020             -9,490            -30,607
5000,691             -9,505            -30,564
5008,373             -9,522            -30,534
5016,067             -9,540            -30,493
5023,773             -9,558            -30,452
5031,491             -9,557            -30,443
5039,220             -9,575            -30,401
5046,962             -9,593            -30,359
5054,715             -9,611            -30,314
5062,480             -9,629            -30,270
5070,257             -9,629            -30,263
5078,046             -9,647            -30,216
5085,847             -9,665            -30,172
5093,661             -9,683            -30,129
5101,486             -9,683            -30,120
5109,323             -9,701            -30,072
5117,172             -9,719            -30,022
5125,033             -9,700            -30,382
5132,906             -9,740            -29,965
5140,792             -9,758            -29,913
5148,689             -9,776            -29,862
5156,599             -9,793            -29,814
5164,520             -9,794            -29,809
5172,454             -9,811            -29,757
5180,400             -9,830            -29,706
5188,359             -9,848            -29,656
5196,329             -9,866            -29,606
5204,312             -9,866            -29,595
5212,307             -9,884            -29,541
5220,314             -9,902            -29,488
5228,334             -9,921            -29,434
5236,366             -9,921            -29,426
5244,410             -9,939            -29,373
5252,467             -9,957            -29,315
5260,536            -10,007            -31,446
5268,617            -10,005            -29,177
5276,711            -10,023            -29,119
5284,818            -10,041            -29,062
5292,936            -10,041            -29,057
5301,067            -10,059            -28,999
5309,211            -10,073            -29,294
5317,367            -10,095            -28,877
5325,536            -10,105            -28,843
5333,717            -10,105            -28,834
5341,911            -10,123            -28,779
5350,118            -10,141            -28,709
5358,337            -10,160            -28,646
5366,568            -10,160            -28,639
5374,813            -10,178            -28,578
5383,070            -10,196            -28,509
5391,339            -10,215            -28,442
5399,622            -10,215            -28,437
5407,917            -10,231            -28,361
5416,225            -10,249            -28,312
5424,545            -10,267            -28,243
5432,879            -10,285            -28,177
5441,225            -10,285            -28,170
5449,584            -10,303            -28,101
5457,956            -10,321            -28,031
5466,340            -10,339            -27,962
5474,738            -10,358            -27,886
5483,148            -10,357            -27,883
5491,572            -10,376            -27,813
5500,008            -10,394            -27,740
5508,457            -10,412            -27,664
5516,920            -10,412            -27,660
5525,395            -10,430            -27,585
5533,883            -10,449            -27,512
5542,385            -10,467            -27,435
5550,899            -10,413            -24,422
5559,427            -10,490            -27,324
5567,967            -10,508            -27,257
5576,521            -10,526            -27,179
5585,088            -10,526            -27,171
5593,668            -10,544            -27,097
5602,261            -10,562            -27,015
5610,867            -10,580            -26,936
5619,487            -10,597            -26,855
5628,120            -10,597            -26,849
5636,766            -10,615            -26,768
5645,425            -10,633            -26,685
5654,098            -10,651            -26,607
5662,784            -10,651            -26,598
5671,483            -10,669            -26,512
5680,196            -10,687            -26,427
5688,922            -10,705            -26,345
5697,662            -10,723            -26,258
5706,415            -10,723            -26,253
5715,181            -10,736            -26,186
5723,961            -10,753            -26,100
5732,754            -10,771            -26,016
5741,561            -10,788            -25,931
5750,382            -10,806            -25,840
5759,215            -10,806            -25,833
5768,063            -10,823            -25,745
5776,924            -10,841            -25,653
5785,799            -10,858            -25,566
5794,687            -10,858            -25,555
5803,589            -10,876            -25,464
5812,505            -10,893            -25,373
5821,434            -10,910            -25,278
5830,377            -10,928            -25,186
5839,334            -10,928            -25,179
5848,305            -10,945            -25,084
5857,289            -10,963            -24,987
5866,287            -10,980            -24,891
5875,299            -10,980            -24,884
5884,325            -11,000            -24,763
5893,365            -11,017            -24,675
5902,418            -11,034            -24,581
5911,486            -11,034            -24,567
5920,567            -11,051            -24,473
5929,663            -11,067            -24,375
5938,772            -11,084            -24,275
5947,895            -11,101            -24,172
5957,033            -11,101            -24,166
5966,184            -11,118            -24,067
5975,350            -11,135            -23,961
5984,529            -11,151            -23,858
5993,723            -11,151            -23,851
6002,931            -11,168            -23,748
6012,153            -11,185            -23,643
6021,389            -11,201            -23,535
6030,639            -11,218            -23,429
6039,903            -11,218            -23,421
6049,182            -11,235            -23,312
6058,475            -11,261            -22,689
6067,782            -11,261            -23,133
6077,104            -11,278            -23,028
6086,440            -11,294            -22,920
6095,790            -11,293            -22,910
6105,155            -11,310            -22,803
6114,534            -11,325            -22,691
6123,927            -11,342            -22,583
6133,335            -11,341            -22,573
6142,757            -11,357            -22,461
6152,194            -11,373            -22,349
6161,645            -11,389            -22,239
6171,111            -11,405            -22,122
6180,591            -11,405            -22,115
6190,086            -11,421            -21,998
6199,595            -11,436            -21,881
6209,119            -11,452            -21,769
6218,658            -11,452            -21,759
6228,211            -11,468            -21,639
6237,779            -11,483            -21,521
6247,362            -11,535            -24,111
6256,959            -11,500            -21,330
6266,571            -11,516            -21,265
6276,198            -11,531            -21,144
6285,840            -11,546            -21,023
6295,497            -11,561            -20,908
6305,168            -11,561            -20,897
6314,854            -11,575            -20,779
6324,555            -11,590            -20,658
6334,271            -11,605            -20,534
6344,002            -11,619            -20,412
6353,748            -11,620            -20,402
6363,509            -11,634            -20,279
6373,285            -11,649            -20,155
6383,076            -11,664            -20,026
6392,882            -11,663            -20,019
6402,703            -11,678            -19,891
6412,539            -11,692            -19,766
6422,390            -11,707            -19,639
6432,256            -11,707            -19,627
6442,138            -11,721            -19,498
6452,034            -11,731            -19,411
6461,946            -11,744            -19,283
6471,873            -11,758            -19,164
6481,815            -11,772            -19,031
6491,773            -11,785            -18,903
6501,746            -11,785            -18,893
6511,734            -11,799            -18,763
6521,738            -11,812            -18,636
6531,757            -11,824            -18,314
6541,791            -11,824            -18,309
6551,841            -11,839            -18,363
6561,906            -11,852            -18,231
6571,986            -11,865            -18,103
6582,083            -11,878            -17,963
6592,194            -11,878            -17,958
6602,321            -11,891            -17,824
6612,464            -11,904            -17,685
6622,622            -11,917            -17,549
6632,796            -11,917            -17,542
6642,986            -11,930            -17,403
6653,191            -11,942            -17,263
6663,412            -11,949            -12,832
6673,649            -11,958            -17,083
6683,901            -11,970            -16,950
6694,169            -11,982            -16,816
6704,453            -11,994            -16,680
6714,752            -11,994            -16,669
6725,068            -12,006            -16,527
6735,399            -12,018            -16,393
6745,746            -12,030            -16,253
6756,109            -12,041            -16,114
6766,488            -12,041            -16,104
6776,883            -12,053            -15,960
6787,294            -12,064            -15,823
6797,721            -12,076            -15,676
6808,164            -12,087            -15,537
6818,623            -12,087            -15,525
6829,098            -12,098            -15,382
6839,589            -12,109            -15,237
6850,096            -12,120            -15,092
6860,619            -12,121            -15,083
6871,159            -12,132            -14,940
6881,715            -12,142            -14,794
6892,287            -12,181            -16,357
6902,875            -12,162            -14,524
6913,479            -12,162            -14,513
6924,100            -12,172            -14,372
6934,737            -12,183            -14,226
6945,390            -12,192            -14,081
6956,060            -12,203            -13,935
6966,746            -12,203            -13,924
6977,449            -12,212            -13,782
6988,168            -12,222            -13,634
6998,903            -12,232            -13,484
7009,655            -12,232            -13,477
7020,424            -12,241            -13,328
7031,209            -12,251            -13,180
7042,010            -12,260            -13,028
7052,829            -12,270            -12,882
7063,663            -12,270            -12,869
7074,515            -12,279            -12,719
7085,383            -12,288            -12,568
7096,268            -12,297            -12,417
7107,169            -12,297            -12,405
7118,088            -12,306            -12,253
7129,023            -12,315            -12,103
7139,975            -12,370            -10,288
7150,943            -12,335            -11,307
7161,929            -12,342            -11,155
7172,931            -12,350            -11,012
7183,950            -12,350            -11,001
7194,987            -12,357            -10,851
7206,040            -12,365            -10,701
7217,110            -12,372            -10,550
7228,197            -12,379            -10,400
7239,301            -12,379            -10,392
7250,423            -12,386            -10,238
7261,561            -12,393            -10,088
7272,717            -12,400             -9,936
7283,889            -12,407             -9,783
7295,079            -12,407             -9,772
7306,286            -12,414             -9,618
7317,510            -12,420             -9,464
7328,751            -12,427             -9,310
7340,010            -12,427             -9,300
7351,286            -12,433             -9,146
7362,579            -12,439             -8,990
7373,890            -12,446             -8,835
7385,218            -12,445             -8,824
7396,564            -12,452             -8,669
7407,926            -12,459             -8,482
7419,307            -12,464             -8,330
7430,705            -12,464             -8,317
7442,120            -12,470             -8,166
7453,553            -12,475             -8,016
7465,003            -12,480             -7,860
7476,471            -12,486             -7,707
7487,957            -12,486             -7,697
7499,460            -12,491             -7,543
7510,981            -12,496             -7,389
7522,520            -12,501             -7,235
7534,076            -12,500             -7,223
7545,650            -12,505             -7,070
7557,242            -12,510             -6,918
7568,852            -12,514             -6,758
7580,479            -12,519             -6,603
7592,125            -12,519             -6,589
7603,788            -12,523             -6,437
7615,469            -12,527             -6,277
7627,168            -12,531             -6,121
7638,885            -12,535             -5,963
7650,621            -12,535             -5,952
7662,374            -12,539             -5,794
7674,145            -12,543             -5,635
7685,934            -12,520             -6,233
7697,742            -12,537             -8,530
7709,567            -12,550             -5,310
7721,411            -12,553             -5,154
7733,273            -12,556             -5,005
7745,153            -12,559             -5,092
7757,051            -12,558             -4,875
7768,968            -12,560             -4,841
7780,903            -12,565             -4,523
7792,856            -12,567             -4,373
7804,828            -12,567             -4,361
7816,818            -12,569             -4,180
7828,826            -12,573             -4,052
7840,853            -12,577             -3,202
7852,899            -12,577             -3,737
7864,963            -12,577             -3,723
7877,045            -12,579             -3,754
7889,146            -12,581             -3,410
7901,266            -12,583             -3,249
7913,404            -12,585             -2,770
7925,561            -12,586             -2,913
7937,736            -12,587             -2,862
7949,930            -12,588             -2,771
7962,143            -12,590             -2,616
7974,375            -12,590             -2,600
7986,626            -12,591             -2,443
7998,895            -12,587             -3,357
8011,183            -12,593             -2,159
8023,490            -12,594             -2,002
8035,816            -12,594             -1,992
8048,161            -12,595             -1,842
8060,525            -12,596             -1,685
8072,908            -12,596             -1,533
8085,310            -12,597             -1,379
8097,731            -12,597             -1,366
8110,171            -12,597             -1,214
8122,630            -12,597             -1,060
8135,108            -12,598             -0,905
8147,606            -12,598             -0,752
8160,122            -12,598             -0,742
8172,658            -12,598             -0,588
8185,213            -12,598             -0,430
8197,788            -12,597             -0,273
8210,381            -12,597             -0,125
8222,994            -12,597             -0,109
8235,627            -12,596              0,048
8248,279            -12,596              0,203
8260,950            -12,595              0,360
8273,641            -12,595              0,369
8286,351            -12,594              0,527
8299,081            -12,593              0,683
8311,830            -12,592              0,840
8324,599            -12,592              0,850
8337,388            -12,590              1,112
8350,196            -12,590              1,123
8363,024            -12,589              1,270
8375,871            -12,587              1,422
8388,739            -12,586              1,574
8401,626            -12,584              1,724
8414,533            -12,584              1,737
8427,459            -12,582              1,888
8440,406            -12,580              2,038
8453,372            -12,579              2,191
8466,359            -12,578              2,204
8479,365            -12,576              2,353
8492,391            -12,574              2,507
8505,438            -12,572              2,658
8518,504            -12,570              2,810
8531,590            -12,569              2,819
8544,697            -12,567              2,972
8557,824            -12,564              3,123
8570,970            -12,562              3,275
8584,137            -12,559              3,428
8597,325            -12,559              3,439
8610,532            -12,556              3,589
8623,760            -12,553              3,743
8637,008            -12,550              3,893
8650,277            -12,550              3,905
8663,565            -12,546              4,055
8676,875            -12,543              4,207
8690,204            -12,529              5,188
8703,555            -12,537              4,467
8716,925            -12,533              4,615
8730,317            -12,533              4,624
8743,728            -12,530              4,768
8757,161            -12,526              4,916
8770,614            -12,522              5,063
8784,088            -12,518              5,209
8797,582            -12,518              5,215
8811,097            -12,514              5,362
8824,633            -12,510              5,509
8838,190            -12,506              5,657
8851,767            -12,506              5,669
8865,366            -12,501              5,816
8878,985            -12,497              5,961
8892,625            -12,492              6,110
8906,287            -12,488              6,257
8919,969            -12,488              6,266
8933,672            -12,483              6,413
8947,396            -12,478              6,558
8961,141            -12,473              6,701
8974,908            -12,468              6,846
8988,695            -12,468              6,861
9002,504            -12,463              7,007
9016,334            -12,458              7,153
9030,185            -12,452              7,295
9044,058            -12,452              7,310
9057,952            -12,447              7,459
9071,867            -12,442              7,600
9085,803            -12,388              7,403
9099,761            -12,431              7,861
9113,741            -12,425              8,003
9127,741            -12,425              8,015
9141,764            -12,420              8,153
9155,808            -12,414              8,296
9169,873            -12,408              8,430
9183,960            -12,408              8,449
9198,069            -12,402              8,584
9212,199            -12,396              8,819
9226,351            -12,390              8,860
9240,525            -12,384              8,999
9254,721            -12,384              9,018
9268,938            -12,377              9,156
9283,178            -12,371              9,295
9297,439            -12,364              9,435
9311,722            -12,357              9,569
9326,027            -12,357              9,581
9340,354            -12,351              9,721
9354,703            -12,344              9,860
9369,074            -12,337              9,997
9383,467            -12,330             10,131
9397,882            -12,330             10,145
9412,320            -12,323             10,286
9426,779            -12,316             10,422
9441,261            -12,308             10,561
9455,765            -12,308             10,576
9470,291            -12,301             10,713
9484,840            -12,294             10,846
9499,411            -12,286             10,992
9514,004            -12,286             10,999
9528,620            -12,300             12,764
9543,258            -12,271             11,269
9557,919            -12,263             11,398
9572,602            -12,256             11,529
9587,308            -12,256             11,543
9602,036            -12,248             11,670
9616,787            -12,243             12,024
9631,561            -12,232             11,934
9646,357            -12,224             12,063
9661,176            -12,224             12,077
9676,018            -12,216             12,209
9690,883            -12,208             12,338
9705,770            -12,198             12,503
9720,680            -12,191             12,601
9735,614            -12,191             12,613
9750,570            -12,183             12,738
9765,549            -12,175             12,867
9780,551            -12,166             12,995
9795,576            -12,154             12,873
9810,625            -12,156             12,790
9825,696            -12,148             13,268
9840,791            -12,139             13,401
9855,908            -12,131             13,528
9871,049            -12,131             13,536
9886,214            -12,122             13,669
9901,401            -12,111             13,758
9916,612            -12,104             13,926
9931,846            -12,094             14,051
9947,104            -12,094             14,067
9962,385            -12,085             14,194
9977,690            -12,075             14,321
9993,018            -12,069             20,519
10008,369            -12,063             14,496
10023,745            -12,054             14,618
10039,144            -12,045             14,739
10054,566            -12,035             14,857
10070,012            -12,035             14,870
10085,482            -12,026             14,992
10100,976            -12,016             15,112
10116,493            -12,007             15,234
10132,035            -11,997             15,356
10147,600            -11,998             15,370
10163,189            -11,988             15,486
10178,802            -11,978             15,605
10194,439            -11,968             15,723
10210,100            -11,958             15,844
10225,785            -11,958             15,859
10241,494            -11,948             15,981
10257,228            -11,938             16,096
10272,985            -11,928             16,217
10288,767            -11,928             16,232
10304,573            -11,918             16,350
10320,403            -11,907             16,470
10336,258            -11,897             16,585
10352,137            -11,886             16,705
10368,040            -11,886             16,713
10383,968            -11,876             16,834
10399,920            -11,865             16,952
10415,897            -11,854             17,071
10431,898            -11,854             17,081
10447,924            -11,844             17,203
10463,974            -11,833             17,313
10480,049            -11,822             17,431
10496,149            -11,811             17,546
10512,274            -11,811             17,559
10528,423            -11,802             17,654
10544,597            -11,792             17,770
10560,796            -11,781             17,880
10577,020            -11,771             17,991
10593,269            -11,760             18,098
10609,543            -11,759             18,109
10625,841            -11,749             18,215
10642,165            -11,738             18,327
10658,514            -11,727             18,438
10674,888            -11,716             18,549
10691,287            -11,716             18,562
10707,712            -11,705             18,667
10724,161            -11,694             18,778
10740,636            -11,683             18,888
10757,136            -11,671             18,994
10773,662            -11,672             19,005
10790,212            -11,660             19,112
10806,789            -11,648             19,217
10823,391            -11,637             19,327
10840,018            -11,637             19,341
10856,671            -11,626             19,449
10873,349            -11,614             19,554
10890,053            -11,603             19,660
10906,783            -11,591             19,770
10923,538            -11,591             19,786
10940,319            -11,579             19,889
10957,126            -11,567             19,994
10973,959            -11,555             20,098
10990,817            -11,543             20,206
11007,702            -11,544             20,219
11024,612            -11,531             20,323
11041,549            -11,519             20,430
11058,511            -11,507             20,534
11075,500            -11,507             20,551
11092,514            -11,495             20,653
11109,555            -11,519             26,839
11126,622            -11,478             20,808
11143,715            -11,466             20,904
11160,834            -11,454             20,996
11177,980            -11,442             21,101
11195,152            -11,430             21,201
11212,350            -11,430             21,212
11229,575            -11,418             21,311
11246,827            -11,406             21,413
11264,104            -11,394             21,508
11281,409            -11,383             21,887
11298,739            -11,381             21,340
11316,097            -11,370             21,718
11333,481            -11,358             21,811
11350,892            -11,345             21,907
11368,330            -11,333             22,002
11385,794            -11,333             22,021
11403,285            -11,320             22,119
11420,804            -11,308             22,211
11438,349            -11,295             22,305
11455,921            -11,283             22,403
11473,520            -11,283             22,416
11491,146            -11,270             22,511
11508,799            -11,257             22,607
11526,479            -11,245             22,701
11544,186            -11,244             22,715
11561,921            -11,231             22,810
11579,683            -11,219             22,905
11597,472            -11,206             22,995
11615,288            -11,193             23,088
11633,132            -11,193             23,104
11651,003            -11,180             23,200
11668,902            -11,167             23,292
11686,828            -11,153             23,382
11704,782            -11,153             23,396
11722,763            -11,140             23,492
11740,772            -11,127             23,587
11758,809            -11,043             26,897
11776,873            -11,111             23,710
11794,965            -11,098             23,798
11813,085            -11,085             23,883
11831,233            -11,072             23,966
11849,408            -11,060             24,055
11867,612            -11,060             24,067
11885,843            -11,047             24,154
11904,103            -11,040             24,934
11922,390            -11,021             24,326
11940,706            -11,008             24,411
11959,049            -11,008             24,425
11977,421            -10,995             24,510
11995,822            -10,982             24,592
12014,250            -10,969             24,673
12032,707            -10,955             24,761
12051,192            -10,955             24,779
12069,705            -10,942             24,860
12088,247            -10,929             24,941
12106,817            -10,915             25,029
12125,416            -10,902             25,108
12144,044            -10,902             25,121
12162,700            -10,889             25,211
12181,385            -10,875             25,288
12200,098            -10,861             25,373
12218,840            -10,861             25,389
12237,612            -10,848             25,470
12256,411            -10,834             25,552
12275,240            -10,820             25,631
12294,098            -10,807             25,713
12312,984            -10,807             25,730
12331,900            -10,793             25,808
12350,845            -10,779             25,888
12369,819            -10,765             26,095
12388,822            -10,752             26,176
12407,854            -10,751             26,187
12426,915            -10,737             26,272
12446,006            -10,723             26,347
12465,126            -10,709             26,429
12484,275            -10,709             26,448
12503,454            -10,691             26,558
12522,662            -10,677             26,617
12541,900            -10,677             26,633
12561,167            -10,664             26,708
12580,464            -10,650             26,793
12599,791            -10,637             26,857
12619,147            -10,623             26,930
12638,533            -10,610             27,005
12657,949            -10,610             27,019
12677,394            -10,596             27,088
12696,870            -10,594             26,818
12716,375            -10,569             27,238
12735,910            -10,555             27,310
12755,476            -10,555             27,329
12775,071            -10,542             27,400
12794,697            -10,528             27,472
12814,352            -10,525             28,056
12834,038            -10,500             27,615
12853,754            -10,500             27,630
12873,501            -10,486             27,701
12893,277            -10,472             27,770
12913,085            -10,458             27,841
12932,922            -10,444             27,910
12952,790            -10,444             27,930
12972,689            -10,430             28,000
12992,618            -10,416             28,069
13012,577            -10,402             28,136
13032,568            -10,402             28,154
13052,589            -10,388             28,221
13072,641            -10,373             28,315
13092,723            -10,359             28,362
13112,837            -10,345             28,427
13132,981            -10,345             28,447
13153,157            -10,330             28,517
13173,363            -10,316             28,583
13193,600            -10,301             28,651
13213,869            -10,301             28,663
13234,169            -10,287             28,733
13254,499            -10,272             28,799
13274,861            -10,258             28,866
13295,255            -10,243             28,933
13315,679            -10,243             28,947
13336,135            -10,232             29,002
13356,623            -10,218             29,064
13377,142            -10,205             29,130
13397,692            -10,191             29,191
13418,274            -10,177             29,251
13438,888            -10,177             29,267
13459,533            -10,163             29,330
13480,210            -10,149             29,392
13500,919            -10,135             29,454
13521,660            -10,121             29,514
13542,432            -10,107             29,571
13563,236            -10,107             29,589
13584,073            -10,093             29,654
13604,941            -10,079             29,705
13625,841            -10,065             29,771
13646,774            -10,051             29,830
13667,739            -10,051             29,849
13688,735            -10,037             29,905
13709,765            -10,023             29,963
13730,826            -10,008             30,020
13751,920             -9,994             30,080
13773,046             -9,994             30,098
13794,205             -9,980             30,158
13815,396             -9,965             30,219
13836,619             -9,951             30,274
13857,876             -9,936             30,331
13879,165             -9,937             30,352
13900,486             -9,922             30,406
13921,841             -9,908             30,464
13943,228             -9,893             30,515
13964,648             -9,879             30,575
13986,101             -9,879             30,595
14007,587             -9,864             30,650
14029,106             -9,849             30,708
14050,658             -9,835             30,761
14072,243             -9,835             30,786
14093,861             -9,820             30,834
14115,513             -9,805             30,890
14137,198             -9,790             30,943
14158,916             -9,775             31,000
14180,667             -9,775             31,023
14202,452             -9,761             31,071
14224,270             -9,746             31,124
14246,122             -9,731             31,180
14268,008             -9,731             31,199
14289,927             -9,710             31,262
14311,879             -9,696             31,313
14333,866             -9,696             31,335
14355,886             -9,682             31,386
14377,940             -9,668             31,429
14400,028             -9,654             31,483
14422,150             -9,640             31,531
14444,305             -9,640             31,552
14466,495             -9,626             31,598
14488,719             -9,612             31,649
14510,977             -9,597             31,696
14533,270             -9,583             31,748
14555,596             -9,569             31,794
14577,957             -9,569             31,814
14600,352             -9,555             31,860
14622,782             -9,541             31,912
14645,246             -9,526             31,958
14667,744             -9,512             32,004
14690,277             -9,512             32,023
14712,845             -9,498             32,067
14735,447             -9,483             32,118
14758,085             -9,469             32,161
14780,756             -9,454             32,209
14803,463             -9,454             32,226
14826,205             -9,440             32,275
14848,981             -9,426             32,318
14871,793             -9,411             32,364
14894,639             -9,396             32,409
14917,521             -9,397             32,431
14940,438             -9,382             32,475
14963,390             -9,367             32,522
14986,377             -9,353             32,563
15009,400             -9,338             32,604
15032,458             -9,338             32,627
15055,551             -9,323             32,675
15078,680             -9,309             32,716
15101,845             -9,294             32,758
15125,045             -9,294             32,781
15148,280             -9,279             32,821
15171,552             -9,264             32,863
15194,859             -9,250             32,902
15218,201             -9,235             32,947
15241,580             -9,235             32,970
15264,995             -9,220             33,009
15288,445             -9,205             33,052
15311,932             -9,190             33,093
15335,455             -9,190             33,112
15359,014             -9,175             33,158
15382,609             -9,280             31,611
15406,240             -9,151             33,228
15429,908             -9,137             33,268
15453,612             -9,123             33,305
15477,352             -9,109             33,341
15501,129             -9,109             33,366
15524,942             -9,095             33,398
15548,792             -9,081             33,442
15572,679             -9,067             33,478
15596,602             -9,053             33,517
15620,562             -9,038             33,554
15644,559             -9,039             33,570
15668,593             -9,024             33,606
15692,664             -9,010             33,644
15716,771             -8,996             33,678
15740,916             -8,982             33,716
15765,098             -8,982             33,739
15789,316             -8,968             33,775
15813,573             -8,953             33,809
15837,866             -8,939             33,843
15862,197             -8,935             34,378
15886,565             -8,914             33,391
15910,970             -8,910             33,937
15935,413             -8,896             33,972
15959,894             -8,882             34,007
15984,412             -8,867             34,041
16008,968             -8,867             34,061
16033,561             -8,853             34,093
16058,193             -8,839             34,129
16082,862             -8,824             34,160
16107,569             -8,810             34,193
16132,314             -8,810             34,218
16157,097             -8,795             34,254
16181,918             -8,781             34,282
16206,777             -8,766             34,314
16231,675             -8,752             34,349
16256,610             -8,752             34,372
16281,584             -8,737             34,400
16306,597             -8,722             34,431
16331,647             -8,708             34,461
16356,737             -8,693             34,494
16381,864             -8,693             34,516
16407,031             -8,679             34,546
16432,236             -8,664             34,577
16457,480             -8,649             34,603
16482,762             -8,649             34,630
16508,084             -8,634             34,660
16533,444             -8,620             34,688
16558,843             -8,605             34,719
16584,282             -8,590             34,747
16609,759             -8,590             34,771
16635,275             -8,575             34,801
16660,831             -8,769             43,446
16686,426             -8,554             34,849
16712,060             -8,540             34,881
16737,734             -8,526             34,906
16763,447             -8,513             34,932
16789,200             -8,499             34,959
16814,992             -8,499             34,982
16840,824             -8,485             35,009
16866,695             -8,471             35,034
16892,606             -8,457             35,065
16918,557             -8,444             35,088
16944,548             -8,444             35,110
16970,579             -8,430             35,136
16996,650             -8,416             35,160
17022,761             -8,402             35,182
17048,912             -8,388             35,208
17075,103             -8,374             35,236
17101,334             -8,374             35,257
17127,606             -8,360             35,282
17153,918             -8,346             35,308
17180,270             -8,332             35,331
17206,663             -8,318             35,356
17233,097             -8,318             35,378
17259,571             -8,304             35,398
17286,086             -8,290             35,426
17312,641             -8,276             35,448
17339,238             -8,262             35,473
17365,875             -8,248             35,498
17392,553             -8,248             35,519
17419,272             -8,234             35,542
17446,032             -8,219             35,565
17472,833             -8,205             35,582
17499,676             -8,191             35,608
17526,559             -8,191             35,632
17553,484             -8,177             35,653
17580,450             -8,163             35,674
17607,458             -8,148             35,695
17634,507             -8,148             35,719
17661,598             -8,134             35,737
17688,730             -8,120             35,758
17715,904             -8,105             35,797
17743,120             -8,091             35,799
17770,378             -8,091             35,826
17797,677             -8,077             35,844
17825,019             -8,062             35,862
17852,402             -8,048             35,882
17879,828             -8,033             35,903
17907,295             -8,034             35,928
17934,805             -8,019             35,946
17962,357             -8,004             35,961
17989,952             -7,990             35,982
18017,588             -7,990             36,008
18045,268             -7,976             36,024
18072,989             -7,961             36,040
18100,754             -7,946             36,059
18128,561             -7,932             36,071
18156,411             -7,932             36,089
18184,303             -7,578             25,392
18212,238             -7,904             36,137
18240,217             -7,891             36,155
18268,238             -7,877             36,168
18296,302             -7,877             36,192
18324,410             -7,864             36,210
18352,560             -7,850             36,234
18380,754             -7,837             36,238
18408,991             -7,824             36,255
18437,272             -7,810             36,274
18465,596             -7,810             36,297
18493,963             -7,797             36,315
18522,375             -7,804             37,180
18550,829             -7,770             36,343
18579,328             -7,756             36,353
18607,870             -7,743             36,370
18636,456             -7,743             36,398
18665,086             -7,729             36,415
18693,760             -7,717             36,405
18722,478             -7,702             36,441
18751,240             -7,688             36,449
18780,046             -7,675             36,466
18808,897             -7,675             36,497
18837,792             -7,661             36,506
18866,731             -7,604             35,195
18895,715             -7,634             36,535
18924,743             -7,621             36,545
18953,816             -7,621             36,572
18982,934             -7,607             36,585
19012,096             -7,593             36,595
19041,303             -7,422             39,329
19070,555             -7,566             36,621
19099,852             -7,566             36,648
19129,194             -7,552             36,656
19158,581             -7,538             36,670
19188,013             -7,524             36,683
19217,490             -7,517             36,753
19247,013             -7,525             37,147
19276,580             -7,497             36,726
19306,194             -7,483             36,740
19335,853             -7,469             36,742
19365,557             -7,455             36,755
19395,307             -7,455             36,779
19425,103             -7,440             36,810
19454,944             -7,427             36,799
19484,832             -7,414             36,807
19514,765             -7,400             36,816
19544,744             -7,400             36,846
19574,770             -7,386             36,850
19604,841             -7,390             36,948
19634,959             -7,358             36,865
19665,123             -7,358             36,894
19695,333             -7,344             36,902
19725,590             -7,330             36,907
19755,893             -7,316             36,915
19786,243             -7,301             36,922
19816,639             -7,300             36,978
19847,082             -7,287             36,954
19877,572             -7,273             36,963
19908,108             -7,259             36,968
19938,692             -7,259             36,998
19969,322             -7,245             37,010
20000,000             -7,236             37,007
