18-5-2026	10:17
Amplitude: 2,00 V
Freq  (Hz) 	 Gain (dB)  	 Phase (deg)
2000,000             -4,123            -27,164
2003,072             -4,135            -28,728
2006,150             -4,136            -28,731
2009,232             -4,144            -28,756
2012,318             -4,152            -28,779
2015,410             -4,160            -28,797
2018,506             -4,175            -28,924
2021,607             -4,169            -28,819
2024,712             -4,177            -28,856
2027,823             -4,185            -28,874
2030,938             -4,194            -28,897
2034,058             -4,193            -28,898
2037,183             -4,202            -28,918
2040,312             -4,208            -28,337
2043,447             -4,211            -28,938
2046,586             -4,219            -28,971
2049,730             -4,227            -28,995
2052,879             -4,235            -29,019
2056,033             -4,243            -29,043
2059,191             -4,244            -29,040
2062,355             -4,253            -29,068
2065,523             -4,262            -29,093
2068,696             -4,262            -29,089
2071,874             -4,270            -29,113
2075,057             -4,278            -29,140
2078,245             -4,286            -29,160
2081,437             -4,312            -29,646
2084,635             -4,297            -29,189
2087,837             -4,305            -29,212
2091,045             -4,313            -29,230
2094,257             -4,313            -29,228
2097,474             -4,322            -29,254
2100,697             -4,330            -29,282
2103,924             -4,338            -29,097
2107,156             -4,341            -29,305
2110,393             -4,350            -29,286
2113,635             -4,358            -29,353
2116,882             -4,358            -29,344
2120,134             -4,366            -29,373
2123,391             -4,374            -29,396
2126,653             -4,333            -28,403
2129,920             -4,386            -29,424
2133,192             -4,394            -29,447
2136,469             -4,403            -29,476
2139,751             -4,403            -29,468
2143,039             -4,411            -29,492
2146,331             -4,420            -29,515
2149,628             -4,419            -29,651
2152,930             -4,432            -29,548
2156,238             -4,440            -29,567
2159,550             -4,449            -29,590
2162,868             -4,449            -29,589
2166,191             -4,457            -29,611
2169,518             -4,466            -29,628
2172,851             -4,497            -30,682
2176,189             -4,479            -29,662
2179,532             -4,487            -29,684
2182,881             -4,496            -29,699
2186,234             -4,496            -29,709
2189,593             -4,504            -29,727
2192,956             -4,513            -29,751
2196,325             -4,541            -30,131
2199,699             -4,526            -29,777
2203,079             -4,535            -29,803
2206,463             -4,535            -29,800
2209,853             -4,543            -29,824
2213,248             -4,552            -29,839
2216,648             -4,561            -29,863
2220,053             -4,591            -30,805
2223,463             -4,575            -29,898
2226,879             -4,575            -29,891
2230,300             -4,584            -29,918
2233,726             -4,592            -29,937
2237,158             -4,601            -29,955
2240,595             -4,609            -29,982
2244,037             -4,610            -29,978
2247,484             -4,616            -29,998
2250,937             -4,625            -30,013
2254,395             -4,633            -30,037
2257,858             -4,642            -30,051
2261,327             -4,642            -30,043
2264,801             -4,651            -30,074
2268,280             -4,660            -30,092
2271,765             -4,625            -28,591
2275,255             -4,675            -30,127
2278,750             -4,684            -30,147
2282,251             -4,684            -30,144
2285,757             -4,693            -30,169
2289,268             -4,702            -30,188
2292,785             -4,711            -30,210
2296,307             -4,710            -30,206
2299,835             -4,718            -30,222
2303,368             -4,727            -30,244
2306,907             -4,735            -30,262
2310,450             -4,744            -30,285
2314,000             -4,744            -30,274
2317,555             -4,753            -30,296
2321,115             -4,762            -30,317
2324,681             -4,712            -29,195
2328,252             -4,779            -30,354
2331,829             -4,779            -30,355
2335,411             -4,788            -30,375
2338,999             -4,797            -30,392
2342,592             -4,806            -30,413
2346,191             -4,815            -30,430
2349,795             -4,815            -30,433
2353,405             -4,823            -31,154
2357,020             -4,832            -30,467
2360,641             -4,842            -30,488
2364,268             -4,841            -30,488
2367,900             -4,853            -30,367
2371,537             -4,859            -30,587
2375,181             -4,869            -30,553
2378,830             -4,826            -28,978
2382,484             -4,854            -27,588
2386,144             -4,887            -30,580
2389,810             -4,895            -30,668
2393,481             -4,898            -30,718
2397,158             -4,913            -30,629
2400,841             -4,913            -30,483
2404,529             -4,924            -30,648
2408,223             -4,924            -30,728
2411,922             -4,934            -30,655
2415,628             -4,943            -30,687
2419,339             -4,952            -30,705
2423,055             -4,961            -30,717
2426,778             -4,962            -30,714
2430,506             -4,971            -30,729
2434,240             -4,980            -30,761
2437,979             -4,925            -29,237
2441,725             -4,990            -30,789
2445,476             -5,000            -30,795
2449,232             -5,009            -30,813
2452,995             -5,018            -30,834
2456,763             -5,019            -30,833
2460,538             -5,027            -30,845
2464,318             -5,037            -30,861
2468,103             -5,051            -30,473
2471,895             -5,049            -30,882
2475,692             -5,059            -30,919
2479,496             -5,068            -30,920
2483,305             -5,077            -30,938
2487,120             -5,077            -30,933
2490,940             -5,086            -30,952
2494,767             -5,095            -30,969
2498,600             -5,100            -30,992
2502,438             -5,108            -30,990
2506,282             -5,118            -31,004
2510,133             -5,127            -31,026
2513,989             -5,127            -31,028
2517,851             -5,136            -31,042
2521,719             -5,146            -31,059
2525,593             -5,155            -31,077
2529,473             -5,142            -30,962
2533,359             -5,168            -31,100
2537,250             -5,178            -31,114
2541,148             -5,178            -31,107
2545,052             -5,188            -31,124
2548,962             -5,197            -31,144
2552,878             -5,207            -31,164
2556,799             -5,215            -31,181
2560,727             -5,216            -31,180
2564,661             -5,230            -31,201
2568,601             -5,230            -31,197
2572,547             -5,240            -31,221
2576,499             -5,249            -31,230
2580,457             -5,259            -31,246
2584,421             -5,259            -31,245
2588,392             -5,268            -31,271
2592,368             -5,278            -31,276
2596,351             -5,273            -31,493
2600,339             -5,293            -31,304
2604,334             -5,303            -31,320
2608,335             -5,312            -31,336
2612,342             -5,312            -31,327
2616,355             -5,322            -31,341
2620,374             -5,332            -31,363
2624,400             -5,341            -31,375
2628,431             -5,341            -31,377
2632,469             -5,357            -31,399
2636,513             -5,357            -31,394
2640,564             -5,366            -31,427
2644,620             -5,376            -31,418
2648,683             -5,386            -31,458
2652,752             -5,387            -31,432
2656,827             -5,396            -31,463
2660,909             -5,406            -31,475
2664,997             -5,386            -30,955
2669,091             -5,423            -31,497
2673,191             -5,423            -31,502
2677,298             -5,433            -31,511
2681,411             -5,442            -31,522
2685,530             -5,452            -31,524
2689,656             -5,462            -31,554
2693,787             -5,462            -31,549
2697,926             -5,472            -31,566
2702,070             -5,483            -30,814
2706,221             -5,490            -31,594
2710,379             -5,500            -31,607
2714,543             -5,500            -31,608
2718,713             -5,510            -31,616
2722,889             -5,520            -31,634
2727,072             -5,529            -31,648
2731,262             -5,529            -31,646
2735,458             -5,540            -31,653
2739,660             -5,535            -32,120
2743,869             -5,559            -31,685
2748,084             -5,569            -31,691
2752,306             -5,569            -31,697
2756,534             -5,579            -31,712
2760,769             -5,589            -31,728
2765,010             -5,598            -31,733
2769,257             -5,598            -31,735
2773,512             -5,609            -31,740
2777,772             -5,625            -31,231
2782,040             -5,629            -31,771
2786,314             -5,639            -31,786
2790,594             -5,639            -31,788
2794,881             -5,649            -31,801
2799,175             -5,659            -31,811
2803,475             -5,669            -31,828
2807,782             -5,669            -31,823
2812,095             -5,679            -31,835
2816,415             -5,696            -31,574
2820,742             -5,701            -31,866
2825,075             -5,701            -31,862
2829,415             -5,711            -31,875
2833,762             -5,721            -31,886
2838,115             -5,731            -31,898
2842,475             -5,731            -31,899
2846,842             -5,741            -31,911
2851,215             -5,751            -31,929
2855,595             -5,714            -31,187
2859,982             -5,764            -31,933
2864,376             -5,774            -31,950
2868,776             -5,784            -31,962
2873,183             -5,795            -31,975
2877,597             -5,794            -31,968
2882,018             -5,805            -31,985
2886,445             -5,815            -31,994
2890,880             -5,826            -32,007
2895,321             -5,825            -32,007
2899,769             -5,839            -32,023
2904,223             -5,850            -32,038
2908,685             -5,850            -32,035
2913,153             -5,860            -32,044
2917,629             -5,870            -32,057
2922,111             -5,880            -32,073
2926,600             -5,891            -32,084
2931,096             -5,891            -32,077
2935,599             -5,901            -32,090
2940,108             -5,894            -31,919
2944,625             -5,916            -32,099
2949,149             -5,926            -32,114
2953,679             -5,937            -32,125
2958,217             -5,937            -32,129
2962,761             -5,947            -32,136
2967,313             -5,957            -32,150
2971,871             -5,968            -32,158
2976,437             -5,979            -32,171
2981,009             -5,978            -32,167
2985,589             -5,995            -32,186
2990,175             -5,995            -32,185
2994,769             -6,005            -32,194
2999,370             -6,016            -32,206
3003,977             -6,026            -32,217
3008,592             -6,026            -32,213
3013,214             -6,037            -32,222
3017,843             -6,047            -32,235
3022,479             -6,058            -32,249
3027,122             -6,058            -32,244
3031,773             -6,076            -32,262
3036,430             -6,076            -32,264
3041,095             -6,087            -32,267
3045,767             -6,097            -32,279
3050,446             -6,107            -32,295
3055,132             -6,108            -32,291
3059,826             -6,118            -32,297
3064,526             -6,129            -32,307
3069,234             -6,139            -32,321
3073,949             -6,157            -32,279
3078,671             -6,148            -32,326
3083,401             -6,159            -32,335
3088,138             -6,170            -32,345
3092,882             -6,180            -32,351
3097,633             -6,191            -32,363
3102,392             -6,191            -32,359
3107,158             -6,202            -32,367
3111,931             -6,212            -32,382
3116,712             -6,223            -32,396
3121,500             -6,223            -32,384
3126,295             -6,234            -32,477
3131,098             -6,244            -32,409
3135,908             -6,255            -32,415
3140,726             -6,266            -32,423
3145,551             -6,265            -32,421
3150,383             -6,277            -32,454
3155,223             -6,287            -32,446
3160,070             -6,298            -32,470
3164,924             -6,298            -32,476
3169,786             -6,309            -32,457
3174,656             -6,321            -32,531
3179,533             -6,332            -32,477
3184,417             -6,343            -32,483
3189,309             -6,343            -32,478
3194,209             -6,353            -32,489
3199,116             -6,364            -32,625
3204,031             -6,375            -32,505
3208,953             -6,376            -32,501
3213,883             -6,387            -32,472
3218,820             -6,398            -32,520
3223,765             -6,440            -34,693
3228,717             -6,411            -32,534
3233,677             -6,422            -32,536
3238,645             -6,433            -32,547
3243,620             -6,443            -32,554
3248,603             -6,444            -32,551
3253,594             -6,455            -32,563
3258,592             -6,466            -32,567
3263,598             -6,477            -32,578
3268,612             -6,477            -32,572
3273,633             -6,488            -32,579
3278,662             -6,473            -33,050
3283,699             -6,503            -32,585
3288,743             -6,515            -32,598
3293,796             -6,525            -32,604
3298,856             -6,537            -32,627
3303,924             -6,548            -32,624
3308,999             -6,548            -32,615
3314,083             -6,559            -32,627
3319,174             -6,571            -32,632
3324,273             -6,582            -32,642
3329,380             -6,582            -32,634
3334,494             -6,599            -32,647
3339,617             -6,598            -32,649
3344,747             -6,610            -32,655
3349,886             -6,621            -32,663
3355,032             -6,633            -32,665
3360,186             -6,644            -32,680
3365,348             -6,644            -32,671
3370,518             -6,656            -32,684
3375,696             -6,667            -32,688
3380,882             -6,679            -32,692
3386,076             -6,678            -32,688
3391,278             -6,697            -32,703
3396,487             -6,697            -32,696
3401,705             -6,709            -32,700
3406,931             -6,720            -32,712
3412,165             -6,732            -32,722
3417,407             -6,732            -32,710
3422,657             -6,743            -32,721
3427,915             -6,755            -32,732
3433,181             -6,767            -32,736
3438,455             -6,779            -32,738
3443,737             -6,779            -32,737
3449,028             -6,788            -32,734
3454,326             -6,799            -32,746
3459,633             -6,811            -32,756
3464,948             -6,822            -32,761
3470,271             -6,822            -32,759
3475,602             -6,834            -32,762
3480,941             -6,846            -32,772
3486,289             -6,858            -32,777
3491,644             -6,870            -32,782
3497,008             -6,869            -32,777
3502,381             -6,882            -32,782
3507,761             -6,879            -33,047
3513,150             -6,904            -32,793
3518,547             -6,904            -32,788
3523,952             -6,916            -32,795
3529,366             -6,928            -32,800
3534,788             -6,940            -32,806
3540,218             -6,952            -32,814
3545,657             -6,952            -32,805
3551,103             -6,964            -32,767
3556,559             -6,976            -32,818
3562,023             -6,988            -32,824
3567,495             -6,988            -32,817
3572,975             -7,002            -32,777
3578,464             -7,013            -32,825
3583,961             -7,026            -32,832
3589,467             -7,025            -32,833
3594,982             -7,038            -32,835
3600,504             -7,050            -32,837
3606,035             -7,062            -32,845
3611,575             -7,074            -32,860
3617,123             -7,074            -32,843
3622,680             -7,087            -32,847
3628,245             -7,099            -32,848
3633,819             -7,117            -31,919
3639,402             -7,114            -32,857
3644,993             -7,126            -32,857
3650,592             -7,139            -32,864
3656,200             -7,151            -32,870
3661,817             -7,151            -32,862
3667,443             -7,164            -32,867
3673,077             -7,176            -32,870
3678,719             -7,188            -32,868
3684,371             -7,189            -32,869
3690,031             -7,201            -32,872
3695,700             -7,214            -32,877
3701,377             -7,136            -30,881
3707,063             -7,232            -32,873
3712,758             -7,244            -32,879
3718,462             -7,257            -32,882
3724,174             -7,257            -32,878
3729,895             -7,269            -32,883
3735,625             -7,282            -32,880
3741,364             -7,295            -32,885
3747,112             -7,295            -32,883
3752,868             -7,307            -32,880
3758,634             -7,320            -32,885
3764,408             -7,333            -32,889
3770,191             -7,382            -32,666
3775,983             -7,354            -32,892
3781,783             -7,354            -32,885
3787,593             -7,367            -32,885
3793,412             -7,380            -32,889
3799,239             -7,392            -32,892
3805,076             -7,405            -32,896
3810,921             -7,405            -32,892
3816,776             -7,418            -32,892
3822,639             -7,432            -32,891
3828,512             -7,445            -32,896
3834,393             -7,445            -32,883
3840,284             -7,458            -32,887
3846,183             -7,468            -32,897
3852,092             -7,481            -32,891
3858,010             -7,494            -32,895
3863,937             -7,508            -32,866
3869,873             -7,508            -32,915
3875,818             -7,521            -32,888
3881,772             -7,534            -32,888
3887,735             -7,547            -32,890
3893,708             -7,547            -32,881
3899,689             -7,561            -32,887
3905,680             -7,574            -32,885
3911,680             -7,588            -32,886
3917,689             -7,626            -32,454
3923,708             -7,620            -32,538
3929,736             -7,615            -32,881
3935,773             -7,629            -32,898
3941,819             -7,641            -32,877
3947,874             -7,641            -32,873
3953,939             -7,656            -32,902
3960,013             -7,680            -32,654
3966,097             -7,681            -32,822
3972,190             -7,682            -32,863
3978,292             -7,696            -32,863
3984,404             -7,711            -32,916
3990,525             -7,723            -32,861
3996,655             -7,794            -35,281
4002,795             -7,740            -32,856
4008,944             -7,754            -32,850
4015,103             -7,767            -32,848
4021,271             -7,768            -32,846
4027,448             -7,781            -32,842
4033,636             -7,795            -32,839
4039,832             -7,809            -32,835
4046,038             -7,823            -32,838
4052,254             -7,823            -32,830
4058,479             -7,837            -32,822
4064,714             -7,851            -32,823
4070,958             -7,865            -32,818
4077,212             -7,865            -32,812
4083,476             -7,886            -32,813
4089,749             -7,900            -32,809
4096,032             -7,900            -32,807
4102,324             -7,914            -32,793
4108,626             -7,928            -32,794
4114,938             -7,942            -32,787
4121,260             -7,942            -32,784
4127,591             -7,956            -32,776
4133,932             -7,971            -32,772
4140,283             -7,986            -32,766
4146,643             -8,000            -32,762
4153,013             -8,000            -32,758
4159,393             -8,015            -32,751
4165,783             -7,927            -30,999
4172,183             -8,039            -32,742
4178,592             -8,053            -32,739
4185,012             -8,068            -32,735
4191,441             -8,068            -32,728
4197,880             -8,082            -32,716
4204,329             -8,097            -32,708
4210,788             -8,112            -32,706
4217,256             -8,112            -32,696
4223,735             -8,127            -32,690
4230,224             -8,142            -32,683
4236,722             -8,157            -32,676
4243,231             -8,171            -32,665
4249,749             -8,171            -32,661
4256,278             -8,185            -32,649
4262,817             -8,200            -32,643
4269,365             -8,215            -32,636
4275,924             -8,230            -32,627
4282,493             -8,229            -32,622
4289,072             -8,245            -32,616
4295,661             -8,260            -32,600
4302,260             -8,275            -32,593
4308,869             -8,275            -32,589
4315,489             -8,290            -32,577
4322,118             -8,306            -32,565
4328,758             -8,321            -32,559
4335,408             -8,336            -32,545
4342,068             -8,336            -32,541
4348,739             -8,354            -32,666
4355,420             -8,369            -32,517
4362,110             -8,385            -32,505
4368,812             -8,385            -32,498
4375,523             -8,400            -32,488
4382,245             -8,416            -32,476
4388,977             -8,431            -32,460
4395,720             -8,431            -32,455
4402,473             -8,447            -32,443
4409,236             -8,463            -32,429
4416,009             -8,478            -32,413
4422,793             -8,494            -32,402
4429,588             -8,494            -32,396
4436,393             -8,510            -32,378
4443,208             -8,515            -32,237
4450,034             -8,532            -32,357
4456,870             -8,548            -32,340
4463,717             -8,564            -32,326
4470,574             -8,579            -32,311
4477,442             -8,579            -32,304
4484,321             -8,595            -32,289
4491,210             -8,611            -32,276
4498,109             -8,628            -32,253
4505,019             -8,644            -32,238
4511,940             -8,644            -32,233
4518,872             -8,660            -32,212
4525,814             -8,676            -32,198
4532,766             -8,693            -32,179
4539,730             -8,693            -32,171
4546,704             -8,719            -32,149
4553,689             -8,719            -32,144
4560,684             -8,735            -32,122
4567,690             -8,752            -32,101
4574,707             -8,768            -32,082
4581,735             -8,768            -32,074
4588,774             -8,784            -32,060
4595,823             -8,801            -32,035
4602,884             -8,818            -32,013
4609,955             -8,834            -31,994
4617,037             -8,834            -31,984
4624,130             -8,851            -31,965
4631,233             -8,868            -31,941
4638,348             -8,884            -31,918
4645,474             -8,885            -31,914
4652,610             -8,900            -31,894
4659,758             -8,916            -31,870
4666,916             -8,933            -31,845
4674,086             -8,950            -31,819
4681,266             -8,950            -31,809
4688,458             -8,967            -31,787
4695,660             -8,984            -31,761
4702,874             -9,001            -31,745
4710,099             -9,018            -31,714
4717,334             -9,018            -31,701
4724,581             -9,035            -31,674
4731,839             -9,052            -31,661
4739,109             -9,069            -31,624
4746,389             -9,069            -31,619
4753,681             -9,086            -31,591
4760,983             -9,069            -28,194
4768,297             -9,107            -31,542
4775,623             -9,124            -31,520
4782,959             -9,141            -31,490
4790,307             -9,158            -31,457
4797,666             -9,176            -31,430
4805,036             -9,176            -31,422
4812,418             -9,193            -31,390
4819,811             -9,210            -31,362
4827,215             -9,228            -31,329
4834,631             -9,245            -31,295
4842,058             -9,245            -31,288
4849,497             -9,263            -31,256
4856,947             -9,280            -31,223
4864,408             -9,298            -31,188
4871,881             -9,298            -31,183
4879,365             -9,324            -31,137
4886,861             -9,324            -31,128
4894,368             -9,342            -31,094
4901,887             -9,360            -31,090
4909,418             -9,377            -31,018
4916,960             -9,395            -30,981
4924,513             -9,395            -30,979
4932,079             -9,412            -30,939
4939,656             -9,430            -30,899
4947,244             -9,449            -30,921
4954,844             -9,448            -30,887
4962,456             -9,466            -30,817
4970,079             -9,484            -30,773
4977,715             -9,502            -30,735
4985,362             -9,520            -30,694
4993,020             -9,520            -30,686
5000,691             -9,534            -30,660
5008,373             -9,552            -30,609
5016,067             -9,570            -30,572
5023,773             -9,588            -30,527
5031,491             -9,588            -30,519
5039,220             -9,606            -30,474
5046,962             -9,624            -30,431
5054,715             -9,642            -30,383
5062,480             -9,660            -30,339
5070,257             -9,659            -30,335
5078,046             -9,678            -30,287
5085,847             -9,696            -30,239
5093,661             -9,714            -30,193
5101,486             -9,714            -30,186
5109,323             -9,732            -30,136
5117,172             -9,751            -30,090
5125,033             -9,794            -30,834
5132,906             -9,772            -30,016
5140,792             -9,790            -29,975
5148,689             -9,808            -29,924
5156,599             -9,826            -29,874
5164,520             -9,826            -29,864
5172,454             -9,844            -29,817
5180,400             -9,862            -29,767
5188,359             -9,880            -29,710
5196,329             -9,899            -29,655
5204,312             -9,899            -29,651
5212,307             -9,917            -29,596
5220,314             -9,935            -29,541
5228,334             -9,954            -29,486
5236,366             -9,954            -29,478
5244,410             -9,972            -29,423
5252,467             -9,991            -29,364
5260,536             -9,970            -28,961
5268,617            -10,016            -29,278
5276,711            -10,034            -29,215
5284,818            -10,052            -29,159
5292,936            -10,052            -29,155
5301,067            -10,070            -29,095
5309,211            -10,089            -28,752
5317,367            -10,085            -29,027
5325,536            -10,102            -28,968
5333,717            -10,102            -28,957
5341,911            -10,120            -28,886
5350,118            -10,139            -28,838
5358,337            -10,157            -28,777
5366,568            -10,157            -28,767
5374,813            -10,176            -28,728
5383,070            -10,194            -28,635
5391,339            -10,213            -28,578
5399,622            -10,213            -28,566
5407,917            -10,229            -28,516
5416,225            -10,248            -28,435
5424,545            -10,266            -28,377
5432,879            -10,284            -28,305
5441,225            -10,284            -28,303
5449,584            -10,302            -28,237
5457,956            -10,321            -28,165
5466,340            -10,338            -28,094
5474,738            -10,357            -28,026
5483,148            -10,357            -28,015
5491,572            -10,375            -27,942
5500,008            -10,394            -27,877
5508,457            -10,412            -27,799
5516,920            -10,412            -27,788
5525,395            -10,430            -27,717
5533,883            -10,449            -27,641
5542,385            -10,467            -27,570
5550,899            -10,463            -23,472
5559,427            -10,491            -27,462
5567,967            -10,509            -27,384
5576,521            -10,527            -27,315
5585,088            -10,527            -27,308
5593,668            -10,545            -27,235
5602,261            -10,563            -27,155
5610,867            -10,581            -27,077
5619,487            -10,599            -26,990
5628,120            -10,599            -26,982
5636,766            -10,617            -26,911
5645,425            -10,635            -26,826
5654,098            -10,654            -26,744
5662,784            -10,653            -26,736
5671,483            -10,671            -26,650
5680,196            -10,690            -26,566
5688,922            -10,708            -26,481
5697,662            -10,726            -26,394
5706,415            -10,726            -26,385
5715,181            -10,739            -26,321
5723,961            -10,756            -26,239
5732,754            -10,774            -26,157
5741,561            -10,792            -26,064
5750,382            -10,809            -25,973
5759,215            -10,810            -25,974
5768,063            -10,827            -25,883
5776,924            -10,845            -25,783
5785,799            -10,862            -25,699
5794,687            -10,863            -25,685
5803,589            -10,880            -25,596
5812,505            -10,898            -25,507
5821,434            -10,916            -25,408
5830,377            -10,933            -25,319
5839,334            -10,933            -25,309
5848,305            -10,951            -25,221
5857,289            -10,969            -25,127
5866,287            -10,986            -25,020
5875,299            -10,987            -25,015
5884,325            -11,007            -24,887
5893,365            -11,024            -24,810
5902,418            -11,041            -24,703
5911,486            -11,041            -24,700
5920,567            -11,058            -24,596
5929,663            -11,074            -24,522
5938,772            -11,093            -24,404
5947,895            -11,109            -24,297
5957,033            -11,109            -24,289
5966,184            -11,127            -24,198
5975,350            -11,146            -24,074
5984,529            -11,163            -23,967
5993,723            -11,164            -23,953
6002,931            -11,180            -23,852
6012,153            -11,198            -23,739
6021,389            -11,214            -23,653
6030,639            -11,231            -23,540
6039,903            -11,231            -23,525
6049,182            -11,248            -23,414
6058,475            -11,292            -22,711
6067,782            -11,274            -23,241
6077,104            -11,291            -23,129
6086,440            -11,307            -23,020
6095,790            -11,309            -23,014
6105,155            -11,322            -22,913
6114,534            -11,339            -22,795
6123,927            -11,355            -22,690
6133,335            -11,354            -22,681
6142,757            -11,370            -22,579
6152,194            -11,386            -22,462
6161,645            -11,402            -22,345
6171,111            -11,418            -22,231
6180,591            -11,418            -22,230
6190,086            -11,434            -22,108
6199,595            -11,450            -21,990
6209,119            -11,466            -21,873
6218,658            -11,466            -21,863
6228,211            -11,482            -21,744
6237,779            -11,497            -21,626
6247,362            -11,463            -20,722
6256,959            -11,515            -21,470
6266,571            -11,530            -21,368
6276,198            -11,545            -21,245
6285,840            -11,561            -21,125
6295,497            -11,576            -21,009
6305,168            -11,576            -21,006
6314,854            -11,590            -20,883
6324,555            -11,605            -20,757
6334,271            -11,620            -20,637
6344,002            -11,635            -20,511
6353,748            -11,635            -20,506
6363,509            -11,650            -20,384
6373,285            -11,665            -20,252
6383,076            -11,680            -20,135
6392,882            -11,680            -20,120
6402,703            -11,694            -19,992
6412,539            -11,709            -19,863
6422,390            -11,723            -19,739
6432,256            -11,723            -19,727
6442,138            -11,738            -19,599
6452,034            -11,748            -19,508
6461,946            -11,762            -19,385
6471,873            -11,775            -19,260
6481,815            -11,789            -19,121
6491,773            -11,803            -18,998
6501,746            -11,803            -18,985
6511,734            -11,817            -18,852
6521,738            -11,830            -18,726
6531,757            -11,843            -18,510
6541,791            -11,845            -18,751
6551,841            -11,857            -18,447
6561,906            -11,870            -18,311
6571,986            -11,884            -18,186
6582,083            -11,897            -18,045
6592,194            -11,897            -18,034
6602,321            -11,910            -17,901
6612,464            -11,923            -17,767
6622,622            -11,937            -17,629
6632,796            -11,936            -17,615
6642,986            -11,950            -17,481
6653,191            -11,962            -17,338
6663,412            -12,000            -19,560
6673,649            -11,978            -17,165
6683,901            -11,990            -17,024
6694,169            -12,002            -16,888
6704,453            -12,015            -16,747
6714,752            -12,014            -16,745
6725,068            -12,026            -16,604
6735,399            -12,038            -16,465
6745,746            -12,051            -16,327
6756,109            -12,062            -16,176
6766,488            -12,062            -16,163
6776,883            -12,074            -16,031
6787,294            -12,085            -15,887
6797,721            -12,097            -15,746
6808,164            -12,108            -15,604
6818,623            -12,108            -15,585
6829,098            -12,120            -15,451
6839,589            -12,131            -15,299
6850,096            -12,143            -15,154
6860,619            -12,142            -15,149
6871,159            -12,153            -15,006
6881,715            -12,164            -14,847
6892,287            -12,183            -13,766
6902,875            -12,184            -14,583
6913,479            -12,184            -14,572
6924,100            -12,194            -14,432
6934,737            -12,205            -14,284
6945,390            -12,215            -14,131
6956,060            -12,225            -13,987
6966,746            -12,225            -13,972
6977,449            -12,235            -13,825
6988,168            -12,245            -13,685
6998,903            -12,255            -13,533
7009,655            -12,255            -13,524
7020,424            -12,264            -13,370
7031,209            -12,274            -13,226
7042,010            -12,284            -13,065
7052,829            -12,293            -12,920
7063,663            -12,293            -12,913
7074,515            -12,303            -12,766
7085,383            -12,311            -12,608
7096,268            -12,320            -12,463
7107,169            -12,321            -12,437
7118,088            -12,330            -12,289
7129,023            -12,338            -12,132
7139,975            -12,358             -8,318
7150,943            -12,352            -11,894
7161,929            -12,360            -11,748
7172,931            -12,368            -11,596
7183,950            -12,368            -11,585
7194,987            -12,377            -11,430
7206,040            -12,384            -11,283
7217,110            -12,392            -11,132
7228,197            -12,400            -10,976
7239,301            -12,400            -10,964
7250,423            -12,407            -10,815
7261,561            -12,415            -10,651
7272,717            -12,422            -10,507
7283,889            -12,430            -10,346
7295,079            -12,430            -10,337
7306,286            -12,438            -10,183
7317,510            -12,445            -10,025
7328,751            -12,452             -9,876
7340,010            -12,451             -9,856
7351,286            -12,459             -9,695
7362,579            -12,465             -9,543
7373,890            -12,472             -9,379
7385,218            -12,472             -9,373
7396,564            -12,479             -9,204
7407,926            -12,487             -9,014
7419,307            -12,493             -8,864
7430,705            -12,493             -8,842
7442,120            -12,499             -8,696
7453,553            -12,505             -8,543
7465,003            -12,511             -8,388
7476,471            -12,516             -8,226
7487,957            -12,516             -8,217
7499,460            -12,522             -8,057
7510,981            -12,527             -7,901
7522,520            -12,533             -7,741
7534,076            -12,532             -7,735
7545,650            -12,538             -7,577
7557,242            -12,543             -7,426
7568,852            -12,548             -7,257
7580,479            -12,553             -7,097
7592,125            -12,553             -7,083
7603,788            -12,558             -6,922
7615,469            -12,562             -6,765
7627,168            -12,567             -6,607
7638,885            -12,571             -6,442
7650,621            -12,571             -6,431
7662,374            -12,576             -6,276
7674,145            -12,580             -6,108
7685,934            -12,577             -9,142
7697,742            -12,540             -3,346
7709,567            -12,587             -5,782
7721,411            -12,591             -5,617
7733,273            -12,595             -5,455
7745,153            -12,597             -5,231
7757,051            -12,597             -5,081
7768,968            -12,600             -5,441
7780,903            -12,605             -4,977
7792,856            -12,607             -4,814
7804,828            -12,608             -4,808
7816,818            -12,611             -4,727
7828,826            -12,613             -4,477
7840,853            -12,615             -4,181
7852,899            -12,619             -4,163
7864,963            -12,619             -4,150
7877,045            -12,620             -3,875
7889,146            -12,624             -3,832
7901,266            -12,626             -3,674
7913,404            -12,629             -3,591
7925,561            -12,627             -3,844
7937,736            -12,630             -3,258
7949,930            -12,632             -3,169
7962,143            -12,634             -3,017
7974,375            -12,633             -3,001
7986,626            -12,635             -2,835
7998,895            -12,631             -5,544
8011,183            -12,637             -2,540
8023,490            -12,639             -2,381
8035,816            -12,639             -2,380
8048,161            -12,640             -2,212
8060,525            -12,641             -2,061
8072,908            -12,642             -1,897
8085,310            -12,643             -1,741
8097,731            -12,643             -1,739
8110,171            -12,644             -1,579
8122,630            -12,644             -1,415
8135,108            -12,645             -1,259
8147,606            -12,645             -1,096
8160,122            -12,645             -1,091
8172,658            -12,646             -0,921
8185,213            -12,646             -0,773
8197,788            -12,645             -0,610
8210,381            -12,645             -0,444
8222,994            -12,645             -0,446
8235,627            -12,645             -0,277
8248,279            -12,645             -0,116
8260,950            -12,644              0,044
8273,641            -12,644              0,050
8286,351            -12,643              0,210
8299,081            -12,642              0,370
8311,830            -12,641              0,528
8324,599            -12,642              0,545
8337,388            -12,640              0,808
8350,196            -12,640              0,821
8363,024            -12,638              0,976
8375,871            -12,637              1,129
8388,739            -12,636              1,287
8401,626            -12,635              1,442
8414,533            -12,635              1,455
8427,459            -12,632              1,600
8440,406            -12,631              1,768
8453,372            -12,629              1,917
8466,359            -12,630              1,926
8479,365            -12,628              2,087
8492,391            -12,626              2,236
8505,438            -12,623              2,397
8518,504            -12,621              2,548
8531,590            -12,621              2,560
8544,697            -12,619              2,720
8557,824            -12,616              2,876
8570,970            -12,613              3,023
8584,137            -12,611              3,181
8597,325            -12,611              3,200
8610,532            -12,607              3,347
8623,760            -12,605              3,515
8637,008            -12,602              3,667
8650,277            -12,602              3,672
8663,565            -12,598              3,834
8676,875            -12,595              3,982
8690,204            -12,595              2,463
8703,555            -12,589              4,248
8716,925            -12,585              4,395
8730,317            -12,586              4,414
8743,728            -12,582              4,556
8757,161            -12,579              4,711
8770,614            -12,575              4,861
8784,088            -12,570              5,011
8797,582            -12,571              5,025
8811,097            -12,567              5,173
8824,633            -12,562              5,325
8838,190            -12,558              5,468
8851,767            -12,558              5,481
8865,366            -12,554              5,628
8878,985            -12,550              5,784
8892,625            -12,545              5,927
8906,287            -12,540              6,079
8919,969            -12,540              6,093
8933,672            -12,536              6,245
8947,396            -12,530              6,386
8961,141            -12,526              6,540
8974,908            -12,520              6,689
8988,695            -12,520              6,702
9002,504            -12,515              6,847
9016,334            -12,510              7,003
9030,185            -12,504              7,155
9044,058            -12,504              7,163
9057,952            -12,499              7,313
9071,867            -12,493              7,455
9085,803            -12,475             13,506
9099,761            -12,484              7,726
9113,741            -12,477              7,863
9127,741            -12,477              7,883
9141,764            -12,472              8,029
9155,808            -12,466              8,167
9169,873            -12,460              8,309
9183,960            -12,460              8,320
9198,069            -12,453              8,466
9212,199            -12,447              8,608
9226,351            -12,441              8,746
9240,525            -12,435              8,890
9254,721            -12,435              8,906
9268,938            -12,428              9,049
9283,178            -12,422              9,189
9297,439            -12,415              9,337
9311,722            -12,408              9,478
9326,027            -12,408              9,485
9340,354            -12,402              9,627
9354,703            -12,394              9,765
9369,074            -12,387              9,913
9383,467            -12,380             10,050
9397,882            -12,380             10,066
9412,320            -12,373             10,201
9426,779            -12,366             10,346
9441,261            -12,358             10,493
9455,765            -12,358             10,503
9470,291            -12,350             10,642
9484,840            -12,343             10,788
9499,411            -12,335             10,922
9514,004            -12,335             10,941
9528,620            -12,313             11,589
9543,258            -12,319             11,213
9557,919            -12,313             11,331
9572,602            -12,304             11,478
9587,308            -12,304             11,494
9602,036            -12,296             11,618
9616,787            -12,291             12,017
9631,561            -12,280             11,895
9646,357            -12,272             12,030
9661,176            -12,272             12,031
9676,018            -12,264             12,172
9690,883            -12,256             12,301
9705,770            -12,249             12,702
9720,680            -12,239             12,571
9735,614            -12,239             12,580
9750,570            -12,230             12,710
9765,549            -12,222             12,841
9780,551            -12,213             12,970
9795,576            -12,202             12,730
9810,625            -12,208             13,376
9825,696            -12,195             13,253
9840,791            -12,186             13,386
9855,908            -12,177             13,520
9871,049            -12,177             13,526
9886,214            -12,167             13,659
9901,401            -12,161             13,942
9916,612            -12,149             13,922
9931,846            -12,139             14,046
9947,104            -12,139             14,071
9962,385            -12,130             14,200
9977,690            -12,120             14,324
9993,018            -12,100              7,753
10008,369            -12,107             14,508
10023,745            -12,098             14,627
10039,144            -12,089             14,751
10054,566            -12,079             14,880
10070,012            -12,079             14,892
10085,482            -12,070             15,008
10100,976            -12,060             15,133
10116,493            -12,050             15,261
10132,035            -12,040             15,387
10147,600            -12,040             15,390
10163,189            -12,031             15,515
10178,802            -12,020             15,634
10194,439            -12,010             15,761
10210,100            -12,000             15,883
10225,785            -12,000             15,895
10241,494            -11,990             16,022
10257,228            -11,980             16,128
10272,985            -11,969             16,257
10288,767            -11,969             16,274
10304,573            -11,958             16,393
10320,403            -11,948             16,521
10336,258            -11,938             16,643
10352,137            -11,927             16,756
10368,040            -11,926             16,770
10383,968            -11,916             16,887
10399,920            -11,905             17,006
10415,897            -11,894             17,126
10431,898            -11,894             17,137
10447,924            -11,883             17,266
10463,974            -11,872             17,384
10480,049            -11,861             17,494
10496,149            -11,850             17,609
10512,274            -11,849             17,629
10528,423            -11,841             17,726
10544,597            -11,830             17,847
10560,796            -11,820             17,954
10577,020            -11,808             18,046
10593,269            -11,797             18,163
10609,543            -11,796             18,181
10625,841            -11,786             18,288
10642,165            -11,775             18,401
10658,514            -11,764             18,518
10674,888            -11,753             18,630
10691,287            -11,752             18,637
10707,712            -11,741             18,753
10724,161            -11,730             18,868
10740,636            -11,718             18,971
10757,136            -11,706             19,089
10773,662            -11,707             19,088
10790,212            -11,695             19,209
10806,789            -11,684             19,310
10823,391            -11,671             19,428
10840,018            -11,672             19,436
10856,671            -11,660             19,543
10873,349            -11,647             19,660
10890,053            -11,636             19,764
10906,783            -11,623             19,872
10923,538            -11,624             19,885
10940,319            -11,612             19,991
10957,126            -11,600             20,099
10973,959            -11,587             20,210
10990,817            -11,575             20,314
11007,702            -11,575             20,334
11024,612            -11,562             20,437
11041,549            -11,550             20,544
11058,511            -11,537             20,647
11075,500            -11,538             20,658
11092,514            -11,525             20,768
11109,555            -11,387             19,198
11126,622            -11,507             20,927
11143,715            -11,495             21,024
11160,834            -11,483             21,117
11177,980            -11,471             21,224
11195,152            -11,459             21,324
11212,350            -11,459             21,342
11229,575            -11,446             21,440
11246,827            -11,434             21,538
11264,104            -11,421             21,639
11281,409            -11,409             21,536
11298,739            -11,410             21,826
11316,097            -11,397             21,859
11333,481            -11,385             21,943
11350,892            -11,372             22,037
11368,330            -11,359             22,140
11385,794            -11,359             22,154
11403,285            -11,346             22,256
11420,804            -11,333             22,338
11438,349            -11,321             22,442
11455,921            -11,308             22,545
11473,520            -11,308             22,554
11491,146            -11,295             22,653
11508,799            -11,282             22,749
11526,479            -11,268             22,841
11544,186            -11,269             22,860
11561,921            -11,255             22,955
11579,683            -11,242             23,046
11597,472            -11,229             23,143
11615,288            -11,215             23,229
11633,132            -11,215             23,243
11651,003            -11,202             23,345
11668,902            -11,189             23,429
11686,828            -11,175             23,535
11704,782            -11,175             23,549
11722,763            -11,162             23,642
11740,772            -11,148             23,729
11758,809            -11,107             26,263
11776,873            -11,131             23,854
11794,965            -11,118             23,949
11813,085            -11,105             24,022
11831,233            -11,093             24,114
11849,408            -11,079             24,209
11867,612            -11,079             24,215
11885,843            -11,066             24,311
11904,103            -11,059             24,405
11922,390            -11,039             24,479
11940,706            -11,026             24,564
11959,049            -11,026             24,583
11977,421            -11,013             24,664
11995,822            -11,000             24,749
12014,250            -10,986             24,842
12032,707            -10,973             24,922
12051,192            -10,973             24,932
12069,705            -10,959             25,018
12088,247            -10,946             25,109
12106,817            -10,932             25,182
12125,416            -10,918             25,268
12144,044            -10,918             25,290
12162,700            -10,904             25,371
12181,385            -10,891             25,450
12200,098            -10,877             25,536
12218,840            -10,877             25,547
12237,612            -10,863             25,631
12256,411            -10,849             25,719
12275,240            -10,835             25,792
12294,098            -10,821             25,875
12312,984            -10,821             25,903
12331,900            -10,807             25,976
12350,845            -10,793             26,057
12369,819            -10,779             26,128
12388,822            -10,765             26,218
12407,854            -10,764             26,235
12426,915            -10,750             26,320
12446,006            -10,736             26,388
12465,126            -10,722             26,466
12484,275            -10,722             26,606
12503,454            -10,703             26,729
12522,662            -10,689             26,795
12541,900            -10,690             26,806
12561,167            -10,676             26,880
12580,464            -10,663             26,944
12599,791            -10,649             27,033
12619,147            -10,635             27,100
12638,533            -10,621             27,174
12657,949            -10,621             27,196
12677,394            -10,608             27,265
12696,870            -10,604             26,978
12716,375            -10,580             27,408
12735,910            -10,565             27,484
12755,476            -10,566             27,503
12775,071            -10,552             27,575
12794,697            -10,538             27,643
12814,352            -10,532             28,406
12834,038            -10,510             27,789
12853,754            -10,509             27,808
12873,501            -10,495             27,874
12893,277            -10,481             27,946
12913,085            -10,467             28,012
12932,922            -10,453             28,085
12952,790            -10,453             28,102
12972,689            -10,438             28,177
12992,618            -10,424             28,243
13012,577            -10,410             28,306
13032,568            -10,410             28,326
13052,589            -10,395             28,400
13072,641            -10,380             28,476
13092,723            -10,366             28,538
13112,837            -10,351             28,602
13132,981            -10,352             28,635
13153,157            -10,337             28,687
13173,363            -10,322             28,748
13193,600            -10,308             28,827
13213,869            -10,308             28,852
13234,169            -10,292             28,905
13254,499            -10,278             28,987
13274,861            -10,264             29,049
13295,255            -10,249             29,105
13315,679            -10,249             29,125
13336,135            -10,238             29,195
13356,623            -10,223             29,246
13377,142            -10,210             29,317
13397,692            -10,196             29,364
13418,274            -10,181             29,433
13438,888            -10,182             29,446
13459,533            -10,167             29,506
13480,210            -10,153             29,574
13500,919            -10,139             29,622
13521,660            -10,125             29,691
13542,432            -10,110             29,747
13563,236            -10,111             29,766
13584,073            -10,096             29,828
13604,941            -10,082             29,893
13625,841            -10,068             29,944
13646,774            -10,054             30,010
13667,739            -10,054             30,029
13688,735            -10,039             30,085
13709,765            -10,025             30,134
13730,826            -10,010             30,207
13751,920             -9,996             30,250
13773,046             -9,996             30,283
13794,205             -9,981             30,332
13815,396             -9,967             30,395
13836,619             -9,952             30,451
13857,876             -9,937             30,518
13879,165             -9,938             30,527
13900,486             -9,923             30,584
13921,841             -9,908             30,650
13943,228             -9,893             30,693
13964,648             -9,879             30,755
13986,101             -9,878             30,774
14007,587             -9,863             30,830
14029,106             -9,848             30,884
14050,658             -9,834             30,945
14072,243             -9,834             30,958
14093,861             -9,819             31,017
14115,513             -9,804             31,073
14137,198             -9,789             31,128
14158,916             -9,774             31,171
14180,667             -9,773             31,199
14202,452             -9,759             31,251
14224,270             -9,743             31,307
14246,122             -9,729             31,351
14268,008             -9,729             31,371
14289,927             -9,706             31,446
14311,879             -9,693             31,505
14333,866             -9,693             31,509
14355,886             -9,679             31,566
14377,940             -9,665             31,612
14400,028             -9,650             31,659
14422,150             -9,637             31,711
14444,305             -9,636             31,730
14466,495             -9,622             31,781
14488,719             -9,607             31,822
14510,977             -9,593             31,869
14533,270             -9,579             31,931
14555,596             -9,564             31,983
14577,957             -9,564             31,989
14600,352             -9,550             32,037
14622,782             -9,536             32,085
14645,246             -9,521             32,135
14667,744             -9,506             32,184
14690,277             -9,507             32,201
14712,845             -9,492             32,245
14735,447             -9,478             32,287
14758,085             -9,463             32,352
14780,756             -9,448             32,380
14803,463             -9,449             32,403
14826,205             -9,434             32,446
14848,981             -9,419             32,498
14871,793             -9,404             32,537
14894,639             -9,390             32,579
14917,521             -9,390             32,602
14940,438             -9,375             32,654
14963,390             -9,361             32,697
14986,377             -9,345             32,734
15009,400             -9,330             32,776
15032,458             -9,331             32,804
15055,551             -9,316             32,838
15078,680             -9,301             32,887
15101,845             -9,286             32,926
15125,045             -9,286             32,957
15148,280             -9,271             32,992
15171,552             -9,256             33,040
15194,859             -9,241             33,070
15218,201             -9,225             33,117
15241,580             -9,226             33,137
15264,995             -9,210             33,187
15288,445             -9,195             33,228
15311,932             -9,181             33,266
15335,455             -9,181             33,276
15359,014             -9,166             33,315
15382,609             -9,187             31,796
15406,240             -9,141             33,395
15429,908             -9,126             33,439
15453,612             -9,113             33,468
15477,352             -9,098             33,509
15501,129             -9,099             33,538
15524,942             -9,084             33,571
15548,792             -9,070             33,614
15572,679             -9,056             33,637
15596,602             -9,042             33,682
15620,562             -9,027             33,722
15644,559             -9,027             33,740
15668,593             -9,013             33,770
15692,664             -8,999             33,813
15716,771             -8,985             33,853
15740,916             -8,971             33,876
15765,098             -8,971             33,897
15789,316             -8,956             33,926
15813,573             -8,942             33,966
15837,866             -8,928             34,008
15862,197             -8,911             34,016
15886,565             -8,904             33,641
15910,970             -8,899             34,093
15935,413             -8,884             34,124
15959,894             -8,870             34,163
15984,412             -8,855             34,198
16008,968             -8,855             34,226
16033,561             -8,840             34,242
16058,193             -8,826             34,291
16082,862             -8,811             34,329
16107,569             -8,797             34,348
16132,314             -8,797             34,375
16157,097             -8,782             34,404
16181,918             -8,768             34,444
16206,777             -8,753             34,470
16231,675             -8,738             34,502
16256,610             -8,738             34,526
16281,584             -8,723             34,554
16306,597             -8,708             34,584
16331,647             -8,694             34,616
16356,737             -8,679             34,647
16381,864             -8,679             34,664
16407,031             -8,664             34,695
16432,236             -8,649             34,725
16457,480             -8,634             34,762
16482,762             -8,634             34,778
16508,084             -8,619             34,815
16533,444             -8,604             34,836
16558,843             -8,589             34,866
16584,282             -8,574             34,895
16609,759             -8,574             34,917
16635,275             -8,559             34,959
16660,831             -8,872             41,810
16686,426             -8,538             35,010
16712,060             -8,524             35,032
16737,734             -8,511             35,065
16763,447             -8,497             35,082
16789,200             -8,483             35,109
16814,992             -8,482             35,133
16840,824             -8,469             35,160
16866,695             -8,455             35,185
16892,606             -8,441             35,216
16918,557             -8,427             35,231
16944,548             -8,427             35,265
16970,579             -8,413             35,282
16996,650             -8,399             35,308
17022,761             -8,385             35,332
17048,912             -8,371             35,358
17075,103             -8,356             35,375
17101,334             -8,357             35,398
17127,606             -8,343             35,425
17153,918             -8,329             35,453
17180,270             -8,314             35,473
17206,663             -8,300             35,491
17233,097             -8,300             35,517
17259,571             -8,286             35,537
17286,086             -8,272             35,567
17312,641             -8,257             35,589
17339,238             -8,243             35,614
17365,875             -8,229             35,630
17392,553             -8,229             35,659
17419,272             -8,215             35,679
17446,032             -8,201             35,708
17472,833             -8,186             35,724
17499,676             -8,172             35,751
17526,559             -8,172             35,763
17553,484             -8,158             35,795
17580,450             -8,144             35,809
17607,458             -8,129             35,829
17634,507             -8,129             35,849
17661,598             -8,115             35,877
17688,730             -8,100             35,893
17715,904             -8,085             35,880
17743,120             -8,072             35,936
17770,378             -8,071             35,959
17797,677             -8,057             35,971
17825,019             -8,043             35,992
17852,402             -8,028             36,013
17879,828             -8,013             36,030
17907,295             -8,013             36,056
17934,805             -7,998             36,080
17962,357             -7,984             36,093
17989,952             -7,970             36,105
18017,588             -7,970             36,137
18045,268             -7,955             36,154
18072,989             -7,941             36,163
18100,754             -7,926             36,194
18128,561             -7,912             36,188
18156,411             -7,911             36,219
18184,303             -7,916             34,612
18212,238             -7,883             36,274
18240,217             -7,869             36,278
18268,238             -7,856             36,294
18296,302             -7,856             36,317
18324,410             -7,842             36,335
18352,560             -7,829             36,370
18380,754             -7,816             36,368
18408,991             -7,802             36,381
18437,272             -7,788             36,392
18465,596             -7,789             36,423
18493,963             -7,775             36,430
18522,375             -7,758             36,164
18550,829             -7,748             36,462
18579,328             -7,734             36,486
18607,870             -7,721             36,488
18636,456             -7,721             36,516
18665,086             -7,707             36,525
18693,760             -7,692             36,582
18722,478             -7,680             36,560
18751,240             -7,666             36,566
18780,046             -7,652             36,584
18808,897             -7,653             36,609
18837,792             -7,639             36,612
18866,731             -7,606             35,520
18895,715             -7,612             36,643
18924,743             -7,598             36,660
18953,816             -7,598             36,690
18982,934             -7,584             36,694
19012,096             -7,570             36,712
19041,303             -7,596             35,582
19070,555             -7,543             36,734
19099,852             -7,543             36,757
19129,194             -7,529             36,764
19158,581             -7,515             36,776
19188,013             -7,502             36,786
19217,490             -7,510             37,606
19247,013             -7,460             35,806
19276,580             -7,474             36,828
19306,194             -7,460             36,845
19335,853             -7,446             36,849
19365,557             -7,432             36,861
19395,307             -7,432             36,884
19425,103             -7,419             36,877
19454,944             -7,405             36,903
19484,832             -7,390             36,904
19514,765             -7,376             36,917
19544,744             -7,376             36,941
19574,770             -7,362             36,952
19604,841             -7,342             37,274
19634,959             -7,334             36,964
19665,123             -7,334             36,989
19695,333             -7,319             37,001
19725,590             -7,306             37,008
19755,893             -7,292             37,009
19786,243             -7,276             37,019
19816,639             -7,277             37,047
19847,082             -7,263             37,049
19877,572             -7,249             37,056
19908,108             -7,234             37,060
19938,692             -7,235             37,085
19969,322             -7,220             37,102
20000,000             -7,212             37,103
