20-5-2026	10:59
Amplitude: 2,00 V
Freq  (Hz) 	 Gain (dB)  	 Phase (deg)
4000,000            -13,783             -6,854
4006,145            -13,787             -6,811
4012,299            -13,787             -6,806
4018,463            -13,791             -6,772
4024,636            -13,794             -6,740
4030,819            -13,798             -6,706
4037,012            -13,798             -6,699
4043,213            -13,802             -6,664
4049,425            -13,806             -6,632
4055,646            -13,810             -6,599
4061,876            -13,814             -6,566
4068,116            -13,814             -6,562
4074,366            -13,818             -6,524
4080,625            -13,830             -7,214
4086,894            -13,823             -6,477
4093,172            -13,827             -6,442
4099,460            -13,830             -6,407
4105,758            -13,834             -6,375
4112,065            -13,834             -6,372
4118,382            -13,838             -6,335
4124,709            -13,842             -6,302
4131,046            -13,845             -6,268
4137,392            -13,846             -6,262
4143,748            -13,849             -6,227
4150,114            -13,853             -6,190
4156,489            -13,856             -6,157
4162,875            -13,843             -6,832
4169,270            -13,863             -6,099
4175,675            -13,862             -6,092
4182,090            -13,866             -6,060
4188,514            -13,870             -6,026
4194,949            -13,873             -5,991
4201,393            -13,877             -5,954
4207,847            -13,877             -5,945
4214,312            -13,880             -5,912
4220,786            -13,883             -5,877
4227,270            -13,887             -5,838
4233,764            -13,887             -5,835
4240,268            -13,890             -5,800
4246,782            -13,894             -5,763
4253,306            -13,893             -5,920
4259,840            -13,900             -5,693
4266,384            -13,900             -5,690
4272,939            -13,903             -5,653
4279,503            -13,906             -5,617
4286,077            -13,910             -5,581
4292,662            -13,913             -5,544
4299,256            -13,913             -5,539
4305,861            -13,917             -5,501
4312,476            -13,920             -5,465
4319,101            -13,923             -5,427
4325,736            -13,923             -5,422
4332,381            -13,927             -5,387
4339,037            -13,930             -5,349
4345,702            -13,947             -6,175
4352,379            -13,933             -5,345
4359,065            -13,936             -5,265
4365,761            -13,940             -5,227
4372,468            -13,943             -5,193
4379,185            -13,946             -5,153
4385,913            -13,946             -5,148
4392,651            -13,949             -5,111
4399,399            -13,952             -5,075
4406,157            -13,955             -5,037
4412,926            -13,955             -5,029
4419,705            -13,958             -4,993
4426,495            -13,961             -4,954
4433,295            -13,964             -4,917
4440,106            -13,969             -4,259
4446,927            -13,968             -4,859
4453,758            -13,971             -4,821
4460,600            -13,971             -4,817
4467,453            -13,974             -4,779
4474,316            -13,977             -4,741
4481,190            -13,980             -4,703
4488,074            -13,983             -4,667
4494,969            -13,982             -4,658
4501,874            -13,985             -4,619
4508,790            -13,988             -4,582
4515,716            -13,991             -4,542
4522,654            -13,991             -4,535
4529,601            -13,994             -4,496
4536,560            -13,996             -4,457
4543,529            -13,985             -4,810
4550,509            -14,000             -4,393
4557,500            -14,003             -4,354
4564,501            -14,005             -4,314
4571,513            -14,005             -4,310
4578,536            -14,008             -4,270
4585,570            -14,011             -4,233
4592,614            -14,014             -4,191
4599,670            -14,013             -4,187
4606,736            -14,016             -4,144
4613,813            -14,019             -4,107
4620,901            -14,021             -4,066
4628,000            -14,021             -4,062
4635,109            -14,023             -4,020
4642,230            -14,026             -3,978
4649,362            -14,019             -3,891
4656,504            -14,031             -3,903
4663,658            -14,030             -3,895
4670,822            -14,033             -3,858
4677,998            -14,035             -3,816
4685,184            -14,038             -3,775
4692,382            -14,040             -3,736
4699,590            -14,040             -3,731
4706,810            -14,043             -3,684
4714,041            -14,049             -3,660
4721,283            -14,051             -3,623
4728,536            -14,051             -3,610
4735,800            -14,053             -3,570
4743,075            -14,055             -3,528
4750,361            -14,057             -3,488
4757,659            -14,076             -3,390
4764,968            -14,060             -3,441
4772,288            -14,062             -3,394
4779,620            -14,064             -3,354
4786,962            -14,064             -3,347
4794,316            -14,066             -3,307
4801,681            -14,069             -3,268
4809,058            -14,071             -3,226
4816,446            -14,073             -3,188
4823,845            -14,073             -3,178
4831,255            -14,075             -3,139
4838,677            -14,077             -3,098
4846,111            -14,079             -3,055
4853,555            -14,079             -3,050
4861,012            -14,081             -3,008
4868,479            -14,083             -2,965
4875,958            -14,083             -3,668
4883,449            -14,086             -2,895
4890,951            -14,088             -2,855
4898,465            -14,090             -2,823
4905,990            -14,090             -2,801
4913,527            -14,091             -2,768
4921,075            -14,093             -2,725
4928,635            -14,095             -2,684
4936,207            -14,097             -2,643
4943,790            -14,097             -2,634
4951,385            -14,099             -2,568
4958,991            -14,101             -2,553
4966,609            -14,102             -2,511
4974,239            -14,102             -2,503
4981,881            -14,104             -2,462
4989,534            -14,106             -2,421
4997,199            -14,123             -1,230
5004,876            -14,109             -2,342
5012,565            -14,109             -2,338
5020,265            -14,110             -2,292
5027,977            -14,112             -2,254
5035,702            -14,114             -2,210
5043,438            -14,115             -2,169
5051,186            -14,115             -2,164
5058,945            -14,117             -2,121
5066,717            -14,118             -2,077
5074,501            -14,120             -2,036
5082,296            -14,119             -2,029
5090,104            -14,121             -1,986
5097,924            -14,122             -1,945
5105,755            -14,124             -1,899
5113,599            -14,125             -1,857
5121,455            -14,125             -1,850
5129,322            -14,127             -1,794
5137,202            -14,128             -1,758
5145,094            -14,130             -1,716
5152,998            -14,130             -1,707
5160,914            -14,131             -1,666
5168,843            -14,132             -1,622
5176,783            -14,133             -1,581
5184,736            -14,133             -1,572
5192,701            -14,135             -1,529
5200,678            -14,136             -1,486
5208,668            -14,137             -1,445
5216,670            -14,138             -1,403
5224,684            -14,138             -1,397
5232,710            -14,139             -1,353
5240,749            -14,140             -1,309
5248,800            -14,141             -1,266
5256,863            -14,142             -1,257
5264,939            -14,143             -1,199
5273,027            -14,143             -1,190
5281,128            -14,144             -1,148
5289,241            -14,145             -1,107
5297,366            -14,146             -1,065
5305,504            -14,146             -1,359
5313,655            -14,146             -1,359
5321,818            -14,148             -0,969
5329,993            -14,149             -0,927
5338,181            -14,149             -0,881
5346,382            -14,149             -0,864
5354,595            -14,150             -0,831
5362,821            -14,151             -0,789
5371,060            -14,152             -0,771
5379,311            -14,152             -0,701
5387,575            -14,153             -0,695
5395,852            -14,153             -0,651
5404,141            -14,151              0,096
5412,443            -14,155             -0,565
5420,758            -14,155             -0,523
5429,085            -14,155             -0,515
5437,426            -14,156             -0,472
5445,779            -14,156             -0,429
5454,145            -14,157             -0,386
5462,524            -14,157             -0,380
5470,915            -14,158             -0,334
5479,320            -14,158             -0,292
5487,737            -14,159             -0,246
5496,168            -14,159             -0,206
5504,611            -14,159             -0,197
5513,068            -14,160             -0,151
5521,537            -14,160             -0,108
5530,019            -14,160             -0,067
5538,515            -14,160             -0,058
5547,023            -14,161             -0,015
5555,545            -14,146             -2,116
5564,079            -14,162              0,082
5572,627            -14,162              0,090
5581,188            -14,162              0,131
5589,762            -14,162              0,178
5598,349            -14,162              0,217
5606,950            -14,162              0,227
5615,563            -14,162              0,270
5624,190            -14,163              0,317
5632,830            -14,163              0,361
5641,484            -14,163              0,401
5650,150            -14,163              0,409
5658,830            -14,163              0,452
5667,523            -14,163              0,498
5676,230            -14,163              0,542
5684,950            -14,163              0,551
5693,684            -14,163              0,596
5702,430            -14,163              0,638
5711,191            -14,163              0,068
5719,964            -14,163              0,718
5728,752            -14,163              0,757
5737,552            -14,163              0,770
5746,367            -14,163              0,810
5755,194            -14,163              0,852
5764,036            -14,163              0,896
5772,891            -14,162              0,941
5781,759            -14,163              0,948
5790,641            -14,162              0,994
5799,537            -14,162              1,036
5808,446            -14,162              1,081
5817,370            -14,162              1,086
5826,306            -14,161              1,130
5835,257            -14,161              1,175
5844,221            -14,161              1,217
5853,199            -14,160              1,264
5862,191            -14,160              1,270
5871,197            -14,160              1,314
5880,217            -14,138              0,950
5889,250            -14,159              1,369
5898,297            -14,159              1,415
5907,358            -14,159              1,458
5916,434            -14,158              1,500
5925,523            -14,158              1,543
5934,626            -14,157              1,551
5943,743            -14,157              1,595
5952,874            -14,157              1,638
5962,019            -14,156              1,683
5971,178            -14,155              1,725
5980,351            -14,155              1,733
5989,538            -14,155              1,777
5998,739            -14,154              1,820
6007,955            -14,153              1,865
6017,184            -14,153              1,871
6026,428            -14,152              1,917
6035,686            -14,151              1,959
6044,959            -14,150              2,004
6054,245            -14,150              2,010
6063,546            -14,149              2,077
6072,861            -14,149              2,085
6082,190            -14,148              2,128
6091,534            -14,147              2,171
6100,892            -14,146              2,214
6110,264            -14,145              2,256
6119,651            -14,145              2,265
6129,052            -14,144              2,306
6138,468            -14,143              2,350
6147,898            -14,142              2,394
6157,343            -14,142              2,401
6166,802            -14,140              2,444
6176,275            -14,139              2,487
6185,764            -14,138              2,528
6195,266            -14,137              2,572
6204,784            -14,137              2,583
6214,316            -14,136              2,623
6223,863            -14,134              2,669
6233,424            -14,133              2,711
6243,000            -14,133              2,721
6252,591            -14,131              2,766
6262,196            -14,130              2,807
6271,816            -14,129              2,849
6281,451            -14,128              2,859
6291,101            -14,127              2,899
6300,766            -14,126              2,940
6310,445            -14,124              2,982
6320,139            -14,123              3,023
6329,849            -14,123              3,034
6339,573            -14,122              3,077
6349,312            -14,120              3,119
6359,066            -14,119              3,161
6368,835            -14,117              3,205
6378,619            -14,117              3,214
6388,418            -14,116              3,252
6398,232            -14,114              3,295
6408,061            -14,113              3,342
6417,906            -14,113              3,349
6427,765            -14,111              3,392
6437,640            -14,110              3,435
6447,529            -14,123              4,443
6457,434            -14,107              3,508
6467,354            -14,105              3,551
6477,290            -14,105              3,558
6487,240            -14,103              3,599
6497,206            -14,102              3,641
6507,188            -14,100              3,684
6517,184            -14,098              3,725
6527,196            -14,098              3,736
6537,223            -14,097              3,824
6547,266            -14,095              3,816
6557,324            -14,093              3,857
6567,398            -14,093              3,865
6577,487            -14,091              3,907
6587,591            -14,089              3,952
6597,712            -14,088              3,992
6607,847            -14,086              4,036
6617,998            -14,086              4,043
6628,165            -14,084              4,086
6638,348            -14,082              4,124
6648,546            -14,080              4,168
6658,759            -14,080              4,179
6668,989            -14,077              4,226
6679,234            -14,075              4,266
6689,495            -14,073              4,304
6699,772            -14,073              4,315
6710,064            -14,071              4,353
6720,372            -14,069              4,398
6730,696            -14,067              4,437
6741,036            -14,067              4,448
6751,392            -14,065              4,488
6761,764            -14,063              4,526
6772,151            -14,060              4,568
6782,555            -14,058              4,609
6792,975            -14,058              4,617
6803,410            -14,056              4,657
6813,862            -14,054              4,697
6824,330            -14,052              4,739
6834,813            -14,052              4,750
6845,313            -14,049              4,790
6855,829            -14,047              4,829
6866,361            -14,045              4,870
6876,910            -14,042              4,914
6887,474            -14,042              4,921
6898,055            -14,040              4,949
6908,652            -14,038              4,997
6919,265            -14,035              5,036
6929,895            -14,033              5,075
6940,541            -14,033              5,087
6951,203            -14,030              5,125
6961,882            -14,028              5,162
6972,577            -14,025              5,203
6983,289            -14,023              5,241
6994,017            -14,023              5,251
7004,761            -14,020              5,293
7015,522            -14,018              5,328
7026,300            -14,015              5,368
7037,094            -14,015              5,375
7047,904            -14,012              5,417
7058,731            -14,010              5,457
7069,575            -14,007              5,493
7080,436            -14,004              5,532
7091,313            -14,004              5,541
7102,207            -14,001              5,582
7113,118            -13,999              5,620
7124,045            -13,996              5,661
7134,989            -13,996              5,671
7145,950            -13,992              5,723
7156,928            -13,989              5,763
7167,923            -13,989              5,774
7178,935            -13,986              5,810
7189,963            -13,983              5,847
7201,009            -13,981              5,886
7212,071            -13,980              5,897
7223,150            -13,978              5,936
7234,247            -13,975              5,973
7245,360            -13,972              6,010
7256,491            -13,969              6,048
7267,639            -13,969              6,058
7278,803            -13,966              6,095
7289,985            -13,963              6,132
7301,185            -13,959              6,170
7312,401            -13,956              6,206
7323,634            -13,956              6,216
7334,885            -13,953              6,255
7346,153            -13,951              6,293
7357,439            -13,948              6,331
7368,742            -13,948              6,342
7380,062            -13,945              6,381
7391,399            -13,942              6,418
7402,754            -13,943              6,049
7414,126            -13,937              6,473
7425,516            -13,935              6,509
7436,924            -13,931              6,546
7448,349            -13,928              6,582
7459,791            -13,928              6,592
7471,251            -13,925              6,631
7482,729            -13,922              6,663
7494,224            -13,918              6,700
7505,737            -13,915              6,737
7517,267            -13,915              6,747
7528,816            -13,911              6,780
7540,382            -13,908              6,815
7551,965            -13,905              6,852
7563,567            -13,905              6,862
7575,186            -13,901              6,896
7586,824            -13,897              6,932
7598,479            -13,894              6,971
7610,152            -13,890              7,001
7621,843            -13,890              7,017
7633,552            -13,887              7,051
7645,279            -13,883              7,086
7657,024            -13,880              7,122
7668,787            -13,880              7,131
7680,568            -13,877              7,166
7692,367            -13,822              7,794
7704,184            -13,870              7,243
7716,020            -13,866              7,275
7727,873            -13,866              7,285
7739,745            -13,863              7,323
7751,635            -13,857              7,262
7763,544            -13,854              7,393
7775,470            -13,852              7,422
7787,415            -13,852              7,430
7799,378            -13,848              7,467
7811,360            -13,845              7,575
7823,360            -13,840              7,535
7835,379            -13,840              7,543
7847,416            -13,840              7,495
7859,471            -13,833              7,613
7871,545            -13,830              7,812
7883,638            -13,825              7,680
7895,749            -13,825              7,688
7907,879            -13,821              7,719
7920,027            -13,818              7,732
7932,194            -13,814              7,823
7944,380            -13,814              7,849
7956,584            -13,809              7,836
7968,807            -13,805              7,870
7981,049            -13,801              7,899
7993,310            -13,793              7,379
