01-06-2026	15:55
Amplitude: 2,00 V
Freq (Hz)	Gain (dB)	Phase (deg)
5312,596	-13,874	-1,935
5332,491	-13,880	-1,935
5352,461	-13,886	-1,782
5372,506	-13,891	-1,386
5392,626	-13,895	-0,976
5412,821	-13,899	-0,578
5433,092	-13,901	-0,179
5453,438	-13,903	0,223
5473,861	-13,905	0,622
5494,361	-13,906	0,840
5514,937	-13,907	1,247
5535,590	-13,907	1,650
5556,321	-13,907	2,109
5577,129	-13,907	2,517
5598,015	-13,905	2,924
5618,979	-13,902	3,339
5640,022	-13,900	3,543
5661,144	-13,897	3,934
5682,344	-13,893	4,351
5703,625	-13,888	4,766
5724,984	-13,885	5,105
5746,424	-13,878	5,502
5767,944	-13,872	5,902
5789,545	-13,864	6,295
5811,227	-13,858	6,709
5832,989	-13,849	7,098
5854,834	-13,841	7,506
5876,760	-13,833	8,143
5898,768	-13,825	8,520
5920,859	-13,815	8,520
