21-05-2026	11:49
Amplitude: 2,00 V
Freq (Hz)	Gain (dB)	Phase (deg)
1000,000	-3,087	-23,737
1007,679	-3,099	-23,451
1015,417	-3,121	-23,608
1023,215	-3,140	-23,733
1031,072	-3,157	-23,835
1038,990	-3,182	-23,995
1046,968	-3,212	-24,462
1055,008	-3,220	-24,228
1063,110	-3,241	-24,168
1071,273	-3,266	-24,504
1079,500	-3,287	-24,633
1087,789	-3,313	-24,789
1096,143	-3,336	-24,916
1104,560	-3,363	-25,150
1113,042	-3,380	-25,160
1121,589	-3,403	-25,296
1130,202	-3,425	-25,427
1138,881	-3,450	-25,571
1147,627	-3,474	-25,703
1156,440	-3,498	-25,866
1165,320	-3,523	-25,971
1174,269	-3,549	-26,036
1183,286	-3,567	-25,963
1192,373	-3,601	-26,323
1201,529	-3,630	-26,563
1210,756	-3,650	-26,602
1220,053	-3,679	-26,790
1229,422	-3,707	-26,874
1238,863	-3,736	-27,020
1248,376	-3,758	-27,115
1257,963	-3,789	-27,261
1267,623	-3,820	-27,398
1277,357	-3,843	-27,505
1287,166	-3,875	-27,644
1297,050	-3,899	-27,748
1307,010	-3,924	-27,544
1317,047	-3,958	-28,011
1327,161	-3,992	-28,164
1337,352	-4,018	-28,258
1347,622	-4,052	-28,411
1357,971	-4,079	-28,514
1368,399	-4,106	-28,622
1378,907	-4,129	-28,332
1389,495	-4,174	-28,931
1400,166	-4,204	-29,029
1410,918	-4,233	-29,128
1421,752	-4,271	-29,280
1432,670	-4,302	-29,390
1443,672	-4,333	-29,498
1454,758	-4,364	-29,612
1465,929	-4,396	-29,726
1477,186	-4,438	-29,869
1488,530	-4,471	-29,978
1499,960	-4,505	-30,088
1511,479	-4,539	-30,202
1523,085	-4,574	-30,310
1534,781	-4,609	-30,426
1546,567	-4,645	-30,536
1558,443	-4,682	-30,649
1570,411	-4,719	-30,761
1582,470	-4,751	-30,718
1594,622	-4,788	-30,941
1606,867	-4,827	-30,915
1619,207	-4,865	-31,210
1631,641	-4,905	-31,280
1644,170	-4,936	-31,366
1656,796	-4,978	-31,472
1669,519	-5,020	-31,581
1682,339	-5,054	-31,665
1695,258	-5,098	-31,762
1708,276	-5,121	-31,472
1721,394	-5,174	-31,941
1734,613	-5,220	-32,044
1747,934	-5,256	-32,123
1761,356	-5,303	-32,222
1774,882	-5,340	-32,280
1788,511	-5,379	-32,378
1802,246	-5,428	-32,476
1816,085	-5,462	-32,541
1830,031	-5,513	-32,642
1844,084	-5,554	-32,711
1858,245	-5,595	-32,785
1872,515	-5,638	-32,858
1886,894	-5,681	-32,925
1901,384	-5,727	-33,008
1915,985	-5,771	-33,078
1930,698	-5,817	-33,145
1945,524	-5,863	-33,212
1960,464	-5,946	-34,257
1975,518	-5,958	-33,348
1990,689	-6,007	-33,415
2005,975	-6,043	-33,452
2021,379	-6,094	-33,528
2036,902	-6,143	-33,572
2052,543	-6,195	-33,629
2068,305	-6,235	-33,664
2084,188	-6,289	-33,725
2100,193	-6,340	-33,763
2116,320	-6,382	-33,806
2132,572	-6,438	-33,849
2148,948	-6,478	-33,375
2165,450	-6,535	-33,915
2182,079	-6,581	-33,954
2198,835	-6,641	-33,986
2215,720	-6,694	-34,016
2232,735	-6,743	-34,037
2249,881	-6,792	-34,054
2267,158	-6,846	-34,074
2284,567	-6,897	-34,082
2302,111	-6,950	-34,114
2319,789	-7,005	-34,124
2337,603	-7,059	-34,138
2355,554	-7,115	-34,154
2373,642	-7,159	-34,386
2391,870	-7,214	-34,285
2410,237	-7,272	-34,143
2428,746	-7,329	-34,136
2447,396	-7,389	-34,115
2466,190	-7,433	-34,093
2485,128	-7,494	-34,069
2504,212	-7,558	-34,045
2523,442	-7,602	-34,019
2542,820	-7,666	-33,969
2562,347	-7,761	-35,569
2582,023	-7,783	-34,003
2601,851	-7,837	-33,969
2621,831	-7,897	-33,902
2641,964	-7,952	-33,856
2662,252	-8,014	-33,800
2682,696	-8,071	-33,752
2703,297	-8,131	-33,690
2724,055	-8,193	-33,626
2744,974	-8,253	-33,530
2766,053	-8,316	-33,453
2787,294	-8,379	-33,365
2808,698	-8,442	-33,273
2830,266	-8,492	-33,196
2852,000	-8,555	-33,092
2873,901	-8,622	-32,975
2895,970	-8,681	-33,628
2918,208	-8,739	-32,764
2940,618	-8,828	-34,630
2963,199	-8,857	-32,512
2985,954	-8,931	-32,356
3008,883	-8,980	-32,241
3031,989	-9,056	-32,077
3055,272	-9,105	-31,962
3078,733	-9,167	-31,818
3102,375	-9,233	-31,656
3126,199	-9,298	-31,665
3150,205	-9,364	-31,233
3174,396	-9,416	-31,554
3198,773	-9,497	-30,772
3223,337	-9,596	-32,677
3248,089	-9,617	-30,617
3273,031	-9,684	-30,413
3298,165	-9,757	-30,232
3323,492	-9,823	-29,972
3349,014	-9,881	-29,777
3374,731	-9,947	-29,546
3400,646	-10,008	-29,333
3426,760	-10,075	-29,089
3453,075	-10,138	-28,852
3479,591	-10,205	-28,592
3506,312	-10,280	-28,079
3533,237	-10,338	-28,060
3560,369	-10,387	-27,839
3587,710	-10,455	-27,548
3615,260	-10,521	-27,256
3643,022	-10,591	-26,923
3670,997	-10,657	-26,609
3699,187	-10,707	-26,363
3727,594	-10,780	-26,007
3756,218	-10,845	-25,670
3785,063	-10,903	-25,353
3814,129	-10,967	-24,999
3843,418	-10,986	-22,984
3872,932	-11,094	-24,293
3902,673	-11,156	-23,898
3932,642	-11,203	-23,599
3962,841	-11,273	-23,581
3993,272	-11,341	-22,866
4023,937	-11,403	-22,423
4054,837	-11,465	-22,000
4085,975	-11,517	-21,631
4117,351	-11,575	-21,186
4148,969	-11,634	-20,734
4180,830	-11,687	-20,316
4212,935	-11,745	-19,852
4245,286	-11,801	-19,369
4277,886	-11,855	-18,900
4310,737	-11,910	-18,408
4343,839	-11,929	-16,717
4377,196	-12,005	-17,499
4410,809	-12,059	-16,984
4444,680	-12,117	-16,418
4478,812	-12,161	-15,866
4513,205	-12,197	-15,452
4547,862	-12,253	-14,815
4582,786	-12,298	-14,257
4617,978	-12,332	-13,818
4653,440	-12,380	-13,266
4689,174	-12,421	-12,686
4725,183	-12,461	-12,111
4761,468	-12,515	-10,584
4798,032	-12,538	-10,860
4834,876	-12,574	-10,251
4872,004	-12,600	-9,774
4909,417	-12,637	-9,082
4947,117	-12,668	-8,477
4985,106	-12,697	-7,809
5023,387	-12,724	-7,196
5061,963	-12,743	-6,705
5100,834	-12,767	-6,055
5140,004	-12,791	-5,372
5179,475	-12,812	-4,720
5219,248	-12,831	-4,056
5259,328	-12,843	-6,406
5299,715	-12,861	-2,801
5340,412	-12,875	-2,118
5381,422	-12,886	-1,452
5422,746	-12,896	-0,792
5464,388	-12,902	-0,123
5506,350	-12,908	0,561
5548,634	-12,910	1,084
5591,242	-12,912	1,806
5634,178	-12,911	2,484
5677,444	-12,910	3,167
5721,041	-12,906	3,800
5764,974	-12,900	4,470
5809,244	-12,891	5,143
5853,854	-12,881	5,823
5898,806	-12,871	6,363
5944,104	-12,857	7,027
5989,749	-12,841	7,694
6035,745	-12,823	8,358
6082,094	-12,805	8,957
6128,800	-12,783	9,608
6175,863	-12,760	10,261
6223,288	-12,735	10,910
6271,078	-12,707	11,572
6319,234	-12,679	12,203
6367,760	-12,656	12,690
6416,659	-12,624	13,317
6465,933	-12,593	13,895
6515,586	-12,559	14,500
6565,620	-12,522	15,110
6616,038	-12,484	15,712
6666,844	-12,442	16,346
6718,039	-12,401	16,924
6769,628	-12,359	17,504
6821,612	-12,315	18,072
6873,996	-12,282	18,516
6926,783	-12,238	19,057
6979,974	-12,189	19,598
7033,574	-12,140	20,133
7087,586	-12,089	20,669
7142,012	-12,057	25,454
7196,857	-11,992	21,659
7252,122	-11,940	22,167
7307,812	-11,886	22,667
7363,930	-11,830	23,165
7420,478	-11,771	23,673
7477,461	-11,720	24,176
7534,881	-11,661	24,631
7592,742	-11,615	24,979
7651,048	-11,556	25,437
7709,801	-11,496	25,885
7769,006	-11,426	26,611
7828,665	-11,373	26,718
7888,782	-11,311	27,138
7949,361	-11,250	27,561
8010,405	-11,190	27,964
8071,918	-11,126	28,338
8133,903	-11,061	28,706
8196,364	-10,997	29,082
8259,305	-10,931	29,451
8322,730	-10,882	29,737
8386,641	-10,805	30,140
8451,043	-10,743	30,518
8515,939	-10,693	30,775
8581,334	-10,625	31,096
8647,231	-10,558	31,418
8713,634	-10,495	31,714
8780,547	-10,428	32,017
8847,974	-10,361	32,405
8915,919	-10,293	32,695
8984,385	-10,225	32,980
9053,378	-10,156	33,260
9122,899	-10,091	33,519
9192,955	-10,025	33,780
9263,549	-9,957	34,034
9334,685	-9,889	34,281
9406,367	-9,820	34,524
9478,600	-9,751	34,763
9551,387	-9,683	34,988
9624,733	-9,616	35,206
9698,643	-9,565	35,383
9773,120	-9,497	35,590
9848,169	-9,429	35,797
9923,794	-9,360	35,995
10000,000	-9,292	30,686
