01-06-2026	15:58
Amplitude: 2,00 V
Freq (Hz)	Gain (dB)	Phase (deg)
5312,596	-13,838	-1,751
5332,491	-13,846	-1,793
5352,461	-13,854	-1,793
5372,506	-13,859	-1,397
5392,626	-13,865	-0,988
5412,821	-13,870	-0,599
5433,092	-13,874	-0,197
5453,438	-13,877	0,198
5473,861	-13,880	0,605
5494,361	-13,881	0,805
5514,937	-13,883	1,223
5535,590	-13,884	1,627
5556,321	-13,884	2,087
5577,129	-13,884	2,489
5598,015	-13,884	2,892
5618,979	-13,882	3,302
5640,022	-13,881	3,516
5661,144	-13,878	3,914
5682,344	-13,875	4,317
5703,625	-13,871	4,731
5724,984	-13,867	5,067
5746,424	-13,861	5,459
5767,944	-13,856	5,872
5789,545	-13,850	6,262
5811,227	-13,842	6,670
5832,989	-13,834	7,064
5854,834	-13,825	7,463
5876,760	-13,825	8,100
5898,768	-13,811	8,495
5920,859	-13,800	8,495
