21-05-2026	11:28
Amplitude: 2,00 V
Freq (Hz)	Gain (dB)	Phase (deg)
1000,000	-3,085	-23,719
1007,705	-3,098	-23,465
1015,469	-3,120	-23,617
1023,293	-3,139	-23,739
1031,177	-3,161	-23,884
1039,122	-3,181	-24,004
1047,129	-3,199	-24,103
1055,196	-3,225	-24,274
1063,327	-3,245	-24,210
1071,519	-3,265	-24,520
1079,775	-3,287	-24,640
1088,095	-3,312	-24,795
1096,478	-3,335	-24,924
1104,926	-3,368	-25,359
1113,440	-3,379	-25,171
1122,018	-3,402	-25,305
1130,663	-3,425	-25,432
1139,375	-3,449	-25,559
1148,154	-3,474	-25,696
1157,000	-3,498	-25,798
1165,914	-3,523	-25,956
1174,898	-3,548	-26,181
1183,950	-3,576	-25,658
1193,072	-3,601	-26,366
1202,264	-3,629	-26,482
1211,528	-3,658	-26,674
1220,862	-3,676	-26,526
1230,269	-3,706	-26,887
1239,748	-3,735	-27,029
1249,300	-3,754	-26,639
1258,925	-3,788	-27,271
1268,625	-3,819	-27,415
1278,400	-3,850	-27,553
1288,250	-3,874	-27,654
1298,175	-3,904	-27,770
1308,177	-3,932	-27,906
1318,257	-3,965	-28,069
1328,414	-3,991	-28,163
1338,649	-4,025	-28,311
1348,963	-4,051	-28,421
1359,356	-4,085	-28,610
1369,830	-4,135	-29,386
1380,384	-4,145	-28,801
1391,020	-4,174	-28,922
1401,737	-4,211	-29,070
1412,538	-4,241	-29,177
1423,421	-4,271	-29,291
1434,388	-4,301	-29,400
1445,440	-4,341	-29,539
1456,577	-4,372	-29,648
1467,799	-4,405	-29,760
1479,108	-4,437	-29,873
1490,505	-4,470	-29,986
1501,989	-4,504	-30,095
1513,561	-4,538	-30,210
1525,223	-4,593	-30,536
1536,975	-4,633	-30,830
1548,817	-4,644	-30,542
1560,750	-4,681	-30,654
1572,775	-4,718	-30,759
1584,893	-4,757	-30,861
1597,104	-4,795	-30,984
1609,410	-4,835	-31,102
1621,810	-4,874	-31,209
1634,306	-4,905	-31,291
1646,898	-4,946	-31,396
1659,587	-4,988	-31,505
1672,374	-5,030	-31,614
1685,259	-5,063	-31,697
1698,244	-5,107	-31,807
1711,328	-5,142	-31,889
1724,514	-5,187	-31,992
1737,801	-5,227	-31,781
1751,190	-5,266	-32,169
1764,683	-5,313	-32,272
1778,279	-5,351	-32,348
1791,981	-5,389	-32,371
1805,788	-5,439	-32,528
1819,701	-5,479	-32,607
1833,721	-5,530	-33,222
1847,850	-5,565	-32,764
1862,087	-5,606	-32,831
1876,434	-5,649	-32,911
1890,892	-5,692	-32,982
1905,461	-5,736	-33,054
1920,142	-5,783	-33,128
1934,936	-5,828	-33,197
1949,845	-5,875	-33,268
1964,868	-5,922	-33,333
1980,007	-5,967	-33,359
1995,262	-6,019	-33,458
2010,635	-6,068	-33,524
2026,127	-6,106	-33,565
2041,738	-6,158	-33,613
2057,469	-6,208	-33,676
2073,322	-6,261	-33,730
2089,296	-6,302	-33,765
2105,394	-6,357	-33,819
2121,615	-6,408	-33,866
2137,962	-6,452	-33,896
2154,435	-6,496	-33,926
2171,034	-6,549	-33,964
2187,762	-6,608	-34,006
2204,618	-6,655	-34,030
2221,604	-6,660	-33,126
2238,721	-6,757	-34,079
2255,970	-6,807	-34,096
2273,352	-6,857	-34,112
2290,868	-6,912	-34,131
2308,518	-6,965	-34,144
2326,305	-7,018	-34,157
2344,229	-7,074	-34,160
2362,291	-7,129	-34,167
2380,492	-7,155	-32,619
2398,833	-7,241	-34,008
2417,315	-7,301	-34,150
2435,940	-7,345	-34,145
2454,709	-7,405	-34,128
2473,622	-7,466	-34,110
2492,681	-7,525	-34,092
2511,886	-7,574	-34,068
2531,240	-7,625	-34,145
2550,743	-7,683	-34,010
2570,396	-7,750	-33,971
2590,200	-7,810	-33,935
2610,157	-7,864	-33,888
2630,268	-7,966	-35,302
2650,534	-7,981	-33,795
2670,956	-8,039	-33,739
2691,535	-8,100	-33,678
2712,273	-8,159	-33,614
2733,170	-8,222	-33,538
2754,229	-8,283	-33,466
2775,450	-8,388	-34,845
2796,834	-8,394	-33,319
2818,383	-8,459	-33,226
2840,098	-8,522	-33,132
2861,980	-8,590	-33,027
2884,032	-8,638	-32,944
2906,252	-8,708	-32,825
2928,645	-8,772	-32,709
2951,209	-8,828	-32,606
2973,948	-8,893	-32,477
2996,861	-8,951	-32,358
3019,952	-9,016	-32,223
3043,220	-9,077	-32,086
3066,667	-9,142	-31,940
3090,295	-9,205	-31,797
3114,106	-9,271	-31,640
3138,099	-9,337	-31,477
3162,278	-9,403	-31,276
3186,642	-9,470	-31,121
3211,195	-9,537	-30,885
3235,937	-9,590	-30,770
3260,869	-9,657	-30,573
3285,993	-9,729	-30,353
3311,311	-9,796	-30,140
3336,824	-9,855	-29,954
3362,534	-9,922	-29,721
3388,442	-9,969	-29,592
3414,549	-10,049	-29,273
3440,857	-10,117	-29,024
3467,369	-10,180	-28,782
3494,084	-10,247	-28,518
3521,005	-10,312	-28,251
3548,134	-10,379	-27,846
3575,472	-10,432	-27,720
3603,020	-10,498	-27,461
3630,781	-10,564	-27,156
3658,755	-10,634	-26,829
3686,945	-10,701	-26,513
3715,352	-10,757	-26,230
3743,978	-10,823	-25,901
3772,825	-10,881	-24,310
3801,894	-10,947	-25,237
3831,187	-11,012	-24,876
3860,705	-11,073	-24,531
3890,451	-11,136	-24,151
3920,427	-11,194	-24,016
3950,633	-11,263	-23,366
3981,072	-11,326	-23,019
4011,745	-11,375	-22,638
4042,655	-11,436	-22,223
4073,803	-11,498	-21,792
4105,191	-11,564	-21,311
4136,820	-11,608	-20,966
4168,694	-11,677	-20,442
4200,813	-11,734	-19,978
4233,179	-11,777	-19,616
4265,795	-11,832	-19,148
4298,662	-11,887	-18,661
4331,783	-11,941	-18,158
4365,158	-11,996	-17,638
4398,791	-12,049	-17,120
4432,683	-12,100	-16,595
4466,836	-12,142	-16,142
4501,252	-12,191	-15,600
4535,933	-12,239	-15,047
4570,882	-12,282	-14,542
4606,100	-12,327	-13,972
4641,589	-12,371	-13,397
4677,351	-12,413	-12,830
4713,390	-12,454	-12,244
4749,705	-12,494	-11,644
4786,301	-12,524	-11,156
4823,178	-12,561	-10,547
4860,340	-12,596	-9,929
4897,788	-12,634	-9,190
4935,525	-12,658	-8,757
4973,552	-12,688	-8,124
5011,872	-12,716	-7,506
5050,488	-12,743	-6,864
5089,401	-12,768	-6,216
5128,614	-12,792	-5,538
5168,129	-12,814	-4,879
5207,948	-12,833	-4,218
5248,075	-12,850	-3,546
5288,510	-12,864	-2,955
5329,257	-12,878	-2,285
5370,318	-12,890	-1,591
5411,695	-12,900	-0,952
5453,391	-12,908	-0,277
5495,409	-12,913	0,404
5537,750	-12,916	0,924
5580,417	-12,918	1,652
5623,413	-12,918	2,329
5666,741	-12,916	3,006
5710,402	-12,914	3,001
5754,399	-12,905	4,315
5798,736	-12,898	4,992
5843,414	-12,888	5,670
5888,437	-12,877	6,191
5933,806	-12,864	6,878
5979,525	-12,847	7,542
6025,596	-12,829	8,211
6072,022	-12,811	8,813
6118,806	-12,790	9,460
6165,950	-12,767	10,112
6213,458	-12,742	10,766
6261,331	-12,715	11,433
6309,573	-12,687	12,063
6358,188	-12,656	12,696
6407,176	-12,624	13,326
6456,542	-12,594	13,903
6506,289	-12,559	14,509
6556,418	-12,522	15,113
6606,934	-12,494	15,579
6657,840	-12,454	16,181
6709,137	-12,411	16,796
6760,830	-12,369	17,372
6812,921	-12,326	17,949
6865,413	-12,280	18,518
6918,310	-12,236	19,059
6971,614	-12,189	19,604
7025,329	-12,140	20,145
7079,458	-12,090	20,682
7134,004	-12,052	21,098
7188,970	-11,994	21,672
7244,360	-11,941	22,178
7300,176	-11,887	22,682
7356,423	-11,832	23,180
7413,102	-11,786	23,589
7470,219	-11,730	24,059
7527,776	-11,673	24,522
7585,776	-11,615	24,987
7644,223	-11,555	25,444
7703,120	-11,495	25,889
7762,471	-11,433	26,489
7822,280	-11,374	26,740
7882,549	-11,312	27,159
7943,282	-11,260	27,166
8004,484	-11,204	27,882
8066,157	-11,142	28,265
8128,305	-11,078	28,649
8190,932	-11,014	29,027
8254,042	-10,949	29,401
8317,638	-10,883	29,767
8381,724	-10,822	30,095
8446,303	-10,757	30,441
8511,380	-10,691	30,774
8576,959	-10,625	31,106
8643,043	-10,557	31,428
8709,636	-10,494	31,730
8776,742	-10,428	32,029
8844,365	-10,360	32,419
8912,509	-10,293	32,713
8981,179	-10,225	32,998
9050,377	-10,156	33,277
9120,108	-10,091	33,539
9190,377	-10,024	33,800
9261,187	-9,957	34,054
9332,543	-9,888	34,301
9404,449	-9,820	34,547
9476,908	-9,750	34,785
9549,926	-9,699	34,971
9623,506	-9,643	35,706
9697,654	-9,564	35,403
9772,372	-9,496	35,615
9847,667	-9,428	35,816
9923,541	-9,359	36,015
10000,000	-9,478	40,088
