01-06-2026	15:21
Amplitude: 2,00 V
Freq (Hz)	Gain (dB)	Phase (deg)
5312,596	-13,556	-3,016
5329,637	-13,553	-1,998
5346,732	-13,552	-1,617
5363,882	-13,550	-1,419
5381,088	-13,537	-1,024
5398,348	-13,537	-0,832
5415,664	-13,539	-0,479
5433,035	-13,549	-0,105
5450,462	-13,549	0,101
5467,945	-13,548	0,477
5485,484	-13,548	0,839
5503,080	-13,551	1,025
5520,731	-13,553	1,417
5538,440	-13,560	1,619
5556,205	-13,561	2,065
5574,027	-13,561	2,252
5591,907	-13,561	2,626
5609,843	-13,561	3,001
5627,837	-13,561	3,206
5645,889	-13,560	3,585
5663,999	-13,554	3,967
5682,167	-13,550	4,173
5700,393	-13,549	4,557
5718,678	-13,548	4,898
5737,021	-13,548	5,077
5755,424	-13,547	5,462
5773,885	-13,544	5,841
5792,405	-13,543	6,040
5810,985	-13,535	6,417
5829,624	-13,533	6,634
5848,324	-13,511	6,974
5867,083	-13,493	7,341
5885,902	-13,490	7,567
5904,782	-13,489	7,929
5923,722	-13,483	8,131
