21-05-2026	11:58
Amplitude: 2,00 V
Freq (Hz)	Gain (dB)	Phase (deg)
1188,493	-3,590	-26,388
1193,544	-3,603	-26,413
1198,616	-3,622	-26,568
1203,709	-3,647	-26,845
1208,824	-3,649	-26,605
1213,961	-3,663	-26,680
1219,120	-3,682	-26,855
1224,301	-3,692	-26,806
1229,503	-3,706	-26,882
1234,728	-3,721	-26,934
1239,975	-3,735	-27,018
1245,244	-3,750	-27,091
1250,536	-3,765	-27,152
1255,850	-3,780	-27,231
1261,187	-3,795	-27,298
1266,546	-3,811	-27,378
1271,928	-3,826	-27,440
1277,334	-3,842	-27,509
1282,762	-3,859	-27,587
1288,213	-3,874	-27,658
1293,687	-3,890	-27,730
1299,184	-3,907	-27,799
1304,705	-3,923	-27,867
1310,250	-3,940	-27,946
5313,411	-12,870	-2,654
5335,991	-12,876	-2,344
5358,666	-12,886	-1,846
5381,438	-12,891	-1,500
5404,306	-12,893	-1,169
5427,272	-12,900	-0,834
5450,335	-12,904	-0,494
5473,496	-12,909	0,012
5496,755	-12,911	0,346
5520,114	-12,913	0,692
5543,572	-12,914	1,039
5567,129	-12,916	1,430
5590,786	-12,916	1,769
5614,544	-12,916	2,109
5638,403	-12,916	2,449
5662,364	-12,915	2,794
5686,426	-12,911	3,300
5710,590	-12,904	1,469
5734,857	-12,907	3,935
5759,228	-12,911	4,265
5783,701	-12,918	4,629
5808,279	-12,926	5,146
5832,961	-12,918	5,488
5857,749	-12,900	5,816
5882,641	-12,892	6,203
5907,639	-12,884	6,517
5932,744	-12,879	6,856
