21-05-2026	11:54
Amplitude: 2,00 V
Freq (Hz)	Gain (dB)	Phase (deg)
1188,493	-3,591	-26,284
1189,330	-3,591	-26,359
1190,167	-3,606	-26,810
1191,005	-3,596	-25,894
1191,844	-3,601	-26,298
1192,683	-3,604	-26,384
1193,522	-3,601	-26,297
1194,362	-3,609	-26,371
1195,203	-3,609	-26,381
1196,045	-3,609	-26,369
1196,887	-3,611	-26,648
1197,729	-3,624	-26,730
1198,572	-3,621	-26,383
1199,416	-3,622	-26,420
1200,260	-3,622	-26,406
1201,105	-3,623	-26,468
1201,951	-3,630	-26,505
1202,797	-3,630	-26,483
1203,644	-3,645	-26,702
1204,491	-3,635	-26,763
1205,339	-3,646	-26,375
1206,188	-3,643	-26,575
1207,037	-3,643	-26,561
1207,886	-3,643	-26,569
1208,737	-3,650	-26,590
1209,588	-3,650	-26,570
1210,439	-3,650	-26,593
1211,291	-3,667	-26,909
1212,144	-3,657	-26,167
1212,997	-3,656	-25,842
1213,851	-3,664	-26,653
1214,706	-3,664	-26,654
1215,561	-3,664	-26,651
1216,417	-3,670	-26,709
1217,273	-3,671	-26,748
1218,130	-3,670	-26,632
1218,987	-3,685	-27,203
1219,845	-3,679	-26,732
1220,704	-3,679	-26,965
1221,564	-3,685	-26,767
1222,424	-3,685	-26,769
1223,284	-3,685	-26,765
1224,145	-3,692	-26,800
1225,007	-3,692	-26,801
1225,869	-3,703	-27,104
1226,732	-3,695	-26,529
1227,596	-3,699	-26,840
1228,460	-3,707	-26,874
1229,325	-3,707	-26,868
1230,190	-3,707	-26,871
1231,056	-3,714	-26,903
1231,923	-3,714	-26,903
1232,790	-3,714	-26,903
1233,658	-3,729	-27,145
1234,527	-3,716	-26,821
1235,396	-3,721	-26,928
1236,265	-3,728	-26,968
1237,136	-3,728	-26,973
1238,006	-3,728	-26,962
1238,878	-3,736	-26,996
1239,750	-3,736	-26,998
1240,623	-3,736	-27,003
1241,496	-3,747	-27,290
1242,370	-3,744	-27,044
1243,245	-3,744	-27,040
1244,120	-3,751	-27,071
1244,996	-3,751	-27,065
1245,872	-3,751	-27,071
1246,749	-3,758	-27,104
1247,627	-3,758	-27,102
1248,505	-3,758	-27,099
1249,384	-3,759	-26,919
1250,264	-3,766	-27,147
1251,144	-3,766	-27,140
1252,025	-3,773	-27,174
1252,906	-3,773	-27,172
1253,788	-3,773	-27,173
1254,671	-3,781	-27,210
1255,554	-3,781	-27,204
1256,438	-3,780	-27,204
1257,322	-3,795	-27,406
1258,207	-3,789	-27,246
1259,093	-3,789	-27,238
1259,980	-3,796	-27,274
1260,867	-3,796	-27,286
1261,754	-3,796	-27,284
1262,642	-3,803	-27,314
1263,531	-3,804	-27,314
1264,421	-3,803	-27,315
1265,311	-3,807	-27,263
1266,202	-3,812	-27,355
1267,093	-3,812	-27,347
1267,985	-3,819	-27,386
1268,878	-3,819	-27,389
1269,771	-3,819	-27,382
1270,665	-3,827	-27,418
1271,559	-3,827	-27,418
1272,454	-3,827	-27,420
1273,350	-3,830	-27,190
1274,247	-3,836	-27,460
1275,144	-3,836	-27,459
1276,041	-3,843	-27,491
1276,940	-3,843	-27,489
1277,839	-3,843	-27,491
1278,738	-3,850	-27,534
1279,638	-3,850	-27,525
1280,539	-3,850	-27,525
1281,441	-3,867	-27,929
1282,343	-3,860	-27,574
1283,245	-3,860	-27,568
1284,149	-3,867	-27,600
1285,053	-3,867	-27,598
1285,957	-3,867	-27,596
1286,863	-3,874	-27,632
1287,769	-3,874	-27,635
1288,675	-3,874	-27,631
1289,582	-3,882	-27,765
1290,490	-3,884	-27,673
1291,399	-3,884	-27,671
1292,308	-3,891	-27,708
1293,218	-3,891	-27,707
1294,128	-3,891	-27,703
1295,039	-3,899	-27,738
1295,951	-3,899	-27,736
1296,863	-3,899	-27,735
1297,776	-3,924	-28,379
1298,689	-3,886	-27,179
1299,604	-3,908	-27,780
1300,519	-3,908	-27,778
1301,434	-3,916	-27,816
1302,350	-3,915	-27,814
1303,267	-3,915	-27,820
1304,185	-3,923	-27,844
1305,103	-3,923	-27,845
1306,021	-3,923	-27,523
1306,941	-3,943	-28,228
1307,861	-3,933	-27,890
1308,782	-3,933	-27,886
1309,703	-3,940	-27,918
1310,625	-3,940	-27,917
1311,548	-3,940	-27,918
1312,471	-3,948	-27,954
1313,395	-3,948	-27,954
5313,411	-12,850	-2,780
5317,152	-12,854	-2,505
5320,895	-12,853	-2,502
5324,641	-12,853	-2,495
5328,389	-12,856	-2,333
5332,140	-12,857	-2,328
5335,894	-12,856	-2,323
5339,650	-12,859	-2,151
5343,409	-12,859	-2,148
5347,171	-12,862	-1,994
5350,935	-12,864	-1,989
5354,702	-12,872	-1,982
5358,472	-12,873	-1,821
5362,244	-12,873	-1,816
5366,019	-12,869	-1,809
5369,796	-12,872	-1,646
5373,576	-12,872	-1,641
5377,359	-12,872	-1,675
5381,145	-12,876	-1,474
5384,933	-12,876	-1,468
5388,724	-12,892	-1,472
5392,517	-12,896	-1,297
5396,313	-12,893	-1,297
5400,112	-12,892	-0,432
5403,914	-12,892	-0,833
5407,718	-12,893	-1,149
5411,525	-12,895	-0,976
5415,334	-12,890	-0,975
5419,147	-12,889	-0,973
5422,962	-12,890	-0,811
5426,779	-12,890	-0,810
5430,600	-12,890	-0,807
5434,422	-12,892	-0,642
5438,248	-12,892	-0,636
5442,077	-12,893	-0,480
5445,908	-12,891	-0,469
5449,741	-12,892	-0,465
5453,578	-12,892	-0,306
5457,417	-12,891	-0,297
5461,259	-12,891	-0,298
5465,103	-12,892	-0,134
5468,951	-12,891	-0,130
5472,801	-12,891	-0,126
5476,653	-12,890	0,041
5480,509	-12,890	0,043
5484,367	-12,895	0,205
5488,228	-12,896	0,209
5492,091	-12,893	0,211
5495,958	-12,892	0,375
5499,827	-12,893	0,386
5503,698	-12,904	0,388
5507,573	-12,917	0,548
5511,450	-12,916	0,559
5515,330	-12,916	0,564
5519,213	-12,917	0,729
5523,098	-12,924	0,735
5526,986	-12,928	0,736
5530,877	-12,933	0,905
5534,770	-12,936	0,917
5538,667	-12,940	0,915
5542,566	-12,930	1,076
5546,468	-12,922	1,078
5550,372	-12,910	3,371
5554,279	-12,900	0,387
5558,190	-12,919	1,291
5562,102	-12,918	1,295
5566,018	-12,918	1,463
5569,936	-12,919	1,470
5573,857	-12,915	1,469
5577,781	-12,919	1,631
5581,708	-12,930	1,644
5585,637	-12,929	1,644
5589,569	-12,929	1,809
5593,504	-12,928	1,814
5597,442	-12,927	1,976
5601,382	-12,930	1,982
5605,325	-12,930	1,986
5609,271	-12,932	2,150
5613,220	-12,932	2,152
5617,172	-12,930	2,156
5621,126	-12,928	2,321
5625,083	-12,921	2,317
5629,043	-12,918	2,316
5633,006	-12,952	2,493
5636,971	-12,945	2,507
5640,940	-12,935	2,506
5644,911	-12,924	2,660
5648,884	-12,930	2,678
5652,861	-12,923	2,833
5656,841	-12,920	2,829
5660,823	-12,919	2,831
5664,808	-12,917	2,997
5668,796	-12,916	3,002
5672,786	-12,915	3,003
5676,780	-12,914	3,168
5680,776	-12,913	3,170
5684,775	-12,912	3,174
5688,777	-12,909	3,337
5692,782	-12,909	3,340
5696,789	-12,908	3,345
5700,800	-12,907	3,508
5704,813	-12,907	3,510
5708,829	-12,901	4,143
5712,848	-12,902	3,827
5716,870	-12,904	3,796
5720,894	-12,904	3,798
5724,922	-12,904	3,801
5728,952	-12,898	3,960
5732,985	-12,908	3,974
5737,021	-12,906	3,977
5741,059	-12,903	4,136
5745,101	-12,902	4,136
5749,145	-12,905	4,130
5753,192	-12,914	4,319
5757,243	-12,912	4,316
5761,295	-12,920	4,337
5765,351	-12,912	4,488
5769,410	-12,917	4,496
5773,471	-12,916	4,655
5777,536	-12,922	4,669
5781,603	-12,915	4,669
5785,673	-12,903	4,815
5789,746	-12,900	4,820
5793,822	-12,899	4,821
5797,901	-12,896	4,981
5801,982	-12,894	4,982
5806,067	-12,894	4,987
5810,154	-12,891	5,151
5814,244	-12,891	5,156
5818,337	-12,892	5,157
5822,433	-12,890	5,318
5826,532	-12,889	5,322
5830,634	-12,886	5,484
5834,738	-12,886	5,492
5838,846	-12,886	5,493
5842,956	-12,883	5,658
5847,069	-12,882	5,658
5851,185	-12,882	5,665
5855,305	-12,879	5,830
5859,427	-12,880	5,834
5863,551	-12,881	5,839
5867,679	-12,877	5,998
5871,810	-12,878	6,006
5875,943	-12,876	6,006
5880,080	-12,845	4,727
5884,219	-12,871	6,173
5888,362	-12,871	6,207
5892,507	-12,868	6,359
5896,655	-12,868	6,365
5900,806	-12,868	6,369
5904,960	-12,865	6,524
5909,117	-12,864	6,528
5913,277	-12,861	6,689
5917,440	-12,861	6,693
5921,605	-12,863	6,701
5925,774	-12,857	6,855
5929,946	-12,861	6,866
5934,120	-12,865	6,878
5938,298	-12,860	7,034
