22-05-2026	15:33
Amplitude: 2,00 V
Freq (Hz)	Gain (dB)	Phase (deg)
1000,000	-3,091	-23,863
1019,373	-3,131	-23,753
1039,122	-3,186	-24,108
1059,254	-3,240	-24,437
1079,775	-3,291	-24,748
1100,694	-3,350	-25,098
1122,018	-3,407	-25,416
1143,756	-3,472	-25,785
1165,914	-3,528	-26,083
1188,502	-3,593	-26,334
1211,528	-3,667	-26,926
1234,999	-3,726	-27,058
1258,925	-3,793	-27,401
1283,315	-3,864	-27,724
1308,177	-3,937	-28,056
1333,521	-4,014	-28,387
1359,356	-4,100	-28,879
1385,692	-4,167	-29,017
1412,538	-4,246	-29,320
1439,903	-4,329	-29,630
1467,799	-4,410	-29,921
1496,236	-4,492	-30,205
1525,223	-4,584	-30,441
1554,772	-4,678	-30,802
1584,893	-4,763	-31,041
1615,598	-4,861	-31,340
1646,898	-4,952	-31,592
1678,804	-5,047	-31,841
1711,328	-5,149	-32,094
1744,483	-5,252	-32,332
1778,279	-5,359	-32,569
1812,731	-5,459	-32,776
1847,850	-5,573	-32,997
1883,649	-5,681	-33,188
1920,142	-5,793	-33,373
1957,342	-5,909	-33,549
1995,262	-6,030	-33,742
2033,918	-6,142	-33,861
2073,322	-6,272	-34,006
2113,489	-6,395	-34,127
2154,435	-6,509	-34,218
2196,174	-6,639	-34,434
2238,721	-6,772	-34,389
2282,093	-6,900	-34,441
2326,305	-7,035	-34,520
2371,374	-7,174	-34,474
2417,315	-7,320	-34,493
2464,147	-7,454	-34,467
2511,886	-7,595	-34,426
2560,550	-7,735	-34,357
2610,157	-7,888	-34,259
2660,725	-8,037	-34,144
2712,273	-8,186	-33,999
2764,819	-8,343	-33,828
2818,383	-8,489	-33,634
2872,985	-8,654	-33,389
2928,645	-8,807	-33,136
2985,383	-8,955	-32,858
3043,220	-9,116	-32,529
3102,178	-9,280	-32,163
3162,278	-9,447	-31,714
3223,542	-9,570	-29,552
3285,993	-9,779	-30,824
3349,654	-9,941	-30,311
3414,549	-10,106	-29,749
3480,701	-10,273	-29,131
3548,134	-10,442	-28,461
3616,874	-10,597	-27,792
3686,945	-10,771	-26,999
3758,374	-10,930	-26,213
3831,187	-11,090	-25,361
3905,410	-11,251	-24,436
3981,072	-11,413	-23,470
4058,199	-11,558	-22,466
4136,820	-11,704	-21,417
4216,965	-11,848	-20,291
4298,662	-11,991	-19,083
4381,942	-12,131	-17,787
4466,836	-12,255	-16,527
4553,374	-12,376	-15,180
4641,589	-12,493	-13,737
4731,513	-12,599	-12,262
4823,178	-12,690	-10,829
4916,620	-12,783	-9,170
5011,872	-12,851	-7,723
5108,970	-12,918	-6,066
5207,948	-12,973	-4,352
5308,844	-13,013	-2,837
5411,695	-13,042	-1,006
5516,539	-13,057	0,561
5623,413	-13,062	2,351
5732,358	-13,053	4,046
5843,414	-13,031	5,778
5956,621	-13,000	7,356
6072,022	-12,955	8,999
6189,658	-12,897	10,667
6309,573	-12,826	12,326
6431,812	-12,754	13,789
6556,418	-12,656	15,450
6683,439	-12,562	16,870
6812,921	-12,453	18,339
6944,911	-12,335	19,749
7079,458	-12,209	21,123
7216,612	-12,082	22,387
7356,423	-11,941	23,658
7498,942	-11,807	24,785
7644,223	-11,656	25,952
7792,318	-11,502	27,049
7943,282	-11,361	28,331
8097,171	-11,199	28,997
8254,042	-11,033	29,947
8413,951	-10,870	30,818
8576,959	-10,700	31,658
8743,125	-10,533	32,436
8912,509	-10,362	33,173
9085,176	-10,218	30,810
9261,187	-10,017	34,607
9440,609	-9,842	35,214
9623,506	-9,697	36,187
9809,947	-9,526	36,802
10000,000	-9,416	42,890
